LINE 507 315 509 317
LINE 364 318 368 314
LINE 893 354 893 392
LINE 374 316 376 316
LINE 429 474 442 460
LINE 333 632 327 631
LINE 650 275 650 287
LINE 484 297 484 296
LINE 434 314 434 317
LINE 479 588 486 588
LINE 330 577 336 552
LINE 650 569 650 581
LINE 612 585 650 585
LINE 672 380 672 366
LINE 831 355 843 355
LINE 612 553 650 553
LINE 751 393 751 355
LINE 650 537 650 549
LINE 612 239 612 227
LINE 565 355 591 336
LINE 863 355 875 355
LINE 612 227 650 227
LINE 638 321 638 335
LINE 458 588 461 582
LINE 330 619 285 619
LINE 430 311 429 311
LINE 520 319 523 297
LINE 472 557 472 439
LINE 612 473 650 473
LINE 447 310 445 314
LINE 546 439 564 421
LINE 686 366 686 380
LINE 672 336 672 411
LINE 374 316 376 316
LINE 827 355 827 393
LINE 612 631 612 425
LINE 564 391 590 410
LINE 650 255 612 255
LINE 394 313 394 318
LINE 549 311 549 318
LINE 650 179 650 191
LINE 546 557 472 557
LINE 650 131 650 143
LINE 763 355 763 393
LINE 650 537 650 549
LINE 612 517 612 505
LINE 520 319 523 297
LINE 650 321 612 321
LINE 391 474 377 459
LINE 402 304 402 309
LINE 623 424 623 411
LINE 815 393 815 355
LINE 650 585 650 597
LINE 371 313 374 313
LINE 573 317 573 296
LINE 612 437 612 425
LINE 650 211 650 223
CRCL 437 312 3
LINE 779 355 779 393
LINE 783 355 795 355
LINE 612 501 612 489
LINE 454 308 454 299
LINE 589 311 587 320
LINE 811 393 799 393
LINE 472 501 456 501
LINE 612 441 650 441
LINE 612 629 612 617
LINE 960 720 0 720
LINE 368 314 368 308
LINE 650 243 650 255
LINE 612 243 650 243
LINE 735 355 747 355
LINE 612 597 612 585
LINE 650 223 612 223
LINE 650 501 612 501
LINE 305 652 333 652
REKT 454 299 10 9
LINE 383 313 383 317
LINE 799 393 799 355
LINE 672 380 672 366
LINE 815 393 815 355
LINE 489 303 489 306
LINE 333 632 327 631
LINE 549 309 549 308
LINE 267 436 263 435
LINE 612 489 650 489
LINE 650 517 612 517
LINE 650 505 650 517
LINE 650 291 650 303
LINE 461 581 474 581
LINE 412 304 412 301
CRCL 560 314 5
LINE 475 582 478 588
LINE 423 313 425 315
LINE 508 311 505 310
LINE 279 645 285 645
LINE 358 318 363 318
LINE 549 318 549 311
LINE 650 581 612 581
LINE 419 312 419 319
LINE 612 307 650 307
LINE 416 307 419 311
LINE 427 322 423 321
LINE 368 307 364 303
LINE 431 404 454 419
LINE 893 392 687 392
LINE 285 619 285 576
LINE 263 447 267 448
LINE 623 424 623 411
LINE 264 459 264 466
LINE 612 631 612 425
LINE 533 299 548 298
LINE 650 613 612 613
LINE 831 355 843 355
LINE 484 296 507 296
LINE 650 115 650 127
LINE 719 355 731 355
REKT 266 428 82 123
LINE 687 355 699 355
LINE 650 195 650 207
LINE 501 312 502 314
LINE 410 318 408 318
LINE 458 588 461 582
LINE 650 473 650 485
LINE 290 169 293 198
LINE 799 355 811 355
LINE 650 453 612 453
LINE 650 485 612 485
LINE 507 296 507 297
LINE 827 393 815 393
LINE 478 614 486 606
LINE 612 179 650 179
LINE 612 163 650 163
LINE 330 393 285 393
LINE 650 239 612 239
LINE 475 582 478 588
LINE 715 393 703 393
LINE 289 652 304 652
LINE 875 393 863 393
LINE 612 207 612 195
LINE 506 320 502 320
LINE 448 321 451 321
LINE 650 163 650 175
LINE 434 314 434 317
LINE 410 520 410 539
LINE 612 569 650 569
LINE 687 393 687 355
LINE 612 159 612 147
LINE 496 319 495 319
LINE 650 259 650 271
LINE 364 493 383 493
LINE 879 393 879 355
LINE 623 411 638 411
LINE 462 308 466 320
LINE 650 307 650 319
LINE 589 311 587 320
LINE 612 425 650 425
LINE 879 393 879 355
LINE 703 355 715 355
LINE 650 585 650 597
LINE 650 581 612 581
LINE 650 319 612 319
LINE 589 306 595 307
LINE 410 520 410 539
LINE 501 319 501 318
LINE 612 501 612 489
LINE 501 319 501 318
LINE 811 355 811 393
LINE 612 533 612 521
LINE 348 552 267 552
LINE 431 404 454 419
LINE 650 569 650 581
LINE 687 392 687 354
LINE 505 309 502 309
LINE 348 321 267 321
LINE 650 319 612 319
LINE 531 576 531 619
LINE 358 302 358 318
LINE 612 303 612 291
LINE 431 320 429 322
LINE 612 319 612 307
LINE 650 115 650 321
LINE 508 307 517 307
LINE 650 159 612 159
LINE 521 312 529 312
LINE 514 320 515 319
LINE 419 307 416 307
LINE 612 321 612 115
LINE 487 576 472 557
REKT 348 565 93 64
LINE 442 607 457 607
LINE 612 131 650 131
LINE 419 307 416 307
LINE 327 631 327 620
LINE 735 393 735 355
LINE 612 581 612 569
LINE 489 303 489 306
LINE 612 163 650 163
LINE 795 393 783 393
LINE 422 299 420 307
LINE 283 94 328 94
LINE 447 310 445 314
LINE 612 147 650 147
LINE 428 316 430 317
LINE 0 720 0 0
LINE 612 275 650 275
LINE 286 645 289 651
LINE 426 309 424 310
LINE 767 393 767 355
LINE 612 211 650 211
LINE 612 255 612 243
LINE 650 127 612 127
LINE 612 425 650 425
LINE 521 312 529 312
LINE 389 313 384 313
LINE 412 314 411 317
LINE 612 453 612 441
LINE 612 223 612 211
LINE 799 355 811 355
LINE 650 533 612 533
LINE 612 287 612 275
LINE 650 629 612 629
LINE 262 538 262 541
LINE 508 311 505 310
LINE 455 484 471 484
LINE 478 614 486 606
LINE 612 565 612 553
LINE 549 318 549 318
REKT 286 350 43 43
LINE 650 597 612 597
LINE 650 521 650 533
LINE 612 505 650 505
LINE 444 317 447 320
LINE 374 313 374 318
LINE 650 631 612 631
LINE 612 191 612 179
LINE 612 115 650 115
LINE 286 412 293 416
LINE 847 393 847 355
LINE 430 311 429 311
LINE 638 335 623 335
LINE 650 255 612 255
LINE 524 296 532 319
LINE 467 308 454 308
LINE 377 315 379 314
LINE 612 585 650 585
LINE 504 314 505 314
LINE 279 615 279 645
LINE 334 652 334 633
LINE 453 326 563 326
LINE 391 512 378 525
LINE 612 127 612 115
LINE 294 333 267 322
LINE 421 538 421 564
LINE 437 320 437 320
LINE 767 355 779 355
LINE 650 441 650 453
LINE 612 629 612 617
LINE 650 617 650 629
LINE 699 355 699 393
LINE 650 303 612 303
LINE 430 405 349 405
LINE 650 175 612 175
LINE 612 437 612 425
LINE 429 310 427 310
LINE 612 287 612 275
LINE 650 207 612 207
LINE 328 94 328 169
LINE 612 175 612 163
LINE 416 446 416 405
LINE 285 393 285 350
LINE 893 354 893 392
LINE 783 355 795 355
LINE 573 296 582 318
LINE 612 115 650 115
LINE 612 453 612 441
LINE 458 607 462 614
LINE 348 485 366 485
LINE 612 565 612 553
LINE 779 355 779 393
LINE 650 271 612 271
LINE 505 309 502 309
LINE 612 581 612 569
LINE 330 606 348 606
LINE 715 355 715 393
REKT 591 336 81 75
LINE 323 393 323 427
LINE 847 355 859 355
LINE 863 393 863 355
LINE 368 307 364 303
LINE 795 355 795 393
LINE 687 354 893 354
LINE 612 159 612 147
LINE 506 320 502 320
LINE 573 317 573 296
LINE 487 576 472 557
LINE 430 317 430 319
LINE 444 314 444 316
LINE 859 393 847 393
LINE 731 355 731 393
LINE 638 424 623 424
LINE 267 197 348 197
LINE 441 631 349 631
LINE 650 489 650 501
LINE 263 459 263 446
LINE 267 457 264 459
LINE 394 313 394 318
LINE 389 313 384 313
LINE 330 351 350 340
LINE 454 304 454 321
LINE 650 613 612 613
LINE 410 466 410 446
LINE 426 309 424 310
LINE 763 355 763 393
LINE 783 393 783 355
LINE 843 355 843 393
LINE 612 549 612 537
LINE 267 541 259 541
LINE 612 143 612 131
LINE 453 419 453 326
LINE 429 310 427 310
LINE 638 321 638 335
LINE 815 355 827 355
LINE 650 147 650 159
LINE 612 533 612 521
LINE 650 437 612 437
LINE 263 459 263 446
LINE 411 300 405 300
LINE 650 489 650 501
LINE 686 380 672 380
LINE 650 553 650 565
LINE 323 350 323 333
LINE 407 318 404 318
LINE 488 313 488 318
LINE 650 287 612 287
LINE 783 393 783 355
LINE 486 576 531 576
LINE 612 469 612 457
LINE 402 446 402 405
LINE 507 315 509 317
LINE 330 394 349 405
LINE 847 393 847 355
LINE 687 393 687 355
LINE 612 617 650 617
LINE 412 304 412 301
LINE 650 115 650 127
LINE 293 350 293 334
LINE 349 339 430 339
LINE 719 355 731 355
LINE 289 652 304 652
LINE 402 309 412 310
LINE 859 355 859 393
LINE 371 313 374 313
LINE 540 309 545 312
LINE 264 467 267 465
LINE 612 275 650 275
LINE 843 393 831 393
LINE 429 512 442 525
LINE 548 298 537 320
LINE 549 311 549 311
LINE 550 308 550 309
LINE 427 322 423 321
LINE 863 393 863 355
LINE 549 311 549 318
LINE 650 271 612 271
LINE 424 311 424 313
LINE 286 404 286 411
LINE 394 313 396 313
LINE 368 314 368 308
LINE 612 207 612 195
LINE 650 163 650 175
LINE 612 195 650 195
REKT 285 577 44 43
LINE 330 351 350 340
LINE 364 318 368 314
LINE 650 291 650 303
LINE 612 537 650 537
LINE 437 493 456 493
LINE 735 355 747 355
LINE 612 521 650 521
LINE 612 211 650 211
LINE 407 318 404 318
LINE 612 243 650 243
LINE 595 308 590 310
LINE 847 355 859 355
LINE 612 549 612 537
LINE 389 318 389 325
LINE 612 115 650 115
LINE 262 538 262 541
LINE 482 299 488 303
LINE 424 311 424 313
LINE 563 326 563 419
LINE 454 299 467 299
LINE 496 298 496 319
LINE 589 306 595 307
LINE 348 501 363 501
LINE 612 473 650 473
LINE 391 512 378 525
LINE 267 321 267 197
LINE 891 355 891 393
LINE 437 493 456 493
LINE 293 350 293 334
LINE 583 318 583 297
LINE 573 296 582 318
LINE 650 307 650 319
LINE 402 539 402 564
LINE 591 336 672 336
LINE 394 313 396 313
LINE 672 411 591 411
LINE 285 615 280 615
LINE 767 393 767 355
LINE 410 318 408 318
LINE 687 354 893 354
LINE 731 355 731 393
LINE 612 521 650 521
LINE 612 425 650 425
LINE 650 207 612 207
LINE 795 393 783 393
LINE 441 565 441 631
LINE 650 321 612 321
LINE 650 501 612 501
LINE 811 393 799 393
LINE 843 393 831 393
LINE 612 227 650 227
LINE 448 321 451 321
LINE 612 307 650 307
LINE 472 439 453 420
LINE 533 299 548 298
LINE 672 366 686 366
REKT 454 325 109 95
LINE 540 309 545 312
LINE 391 474 377 459
LINE 650 159 612 159
LINE 623 335 623 321
LINE 392 313 393 313
LINE 437 320 437 320
LINE 267 457 264 459
LINE 294 400 286 404
LINE 419 312 419 319
LINE 549 311 549 311
LINE 431 320 429 322
LINE 779 393 767 393
LINE 501 309 501 311
LINE 411 300 405 300
LINE 548 298 537 320
LINE 451 309 447 309
LINE 612 223 612 211
LINE 650 227 650 239
LINE 612 425 650 425
LINE 489 307 483 309
LINE 286 412 293 416
LINE 364 493 383 493
LINE 323 350 323 333
LINE 396 313 398 318
LINE 650 553 650 565
LINE 501 312 502 314
LINE 549 308 550 308
LINE 396 313 398 318
LINE 495 298 496 298
LINE 489 307 483 309
LINE 383 318 388 318
LINE 863 355 875 355
LINE 815 355 827 355
LINE 799 393 799 355
LINE 550 308 550 309
LINE 612 597 612 585
LINE 263 539 263 542
LINE 612 303 612 291
LINE 330 590 349 590
LINE 612 469 612 457
LINE 879 355 891 355
LINE 479 588 486 588
LINE 293 416 293 428
LINE 703 355 715 355
LINE 612 271 612 259
LINE 524 296 532 319
LINE 650 457 650 469
LINE 495 319 495 298
LINE 715 393 703 393
LINE 294 394 294 400
LINE 893 392 687 392
LINE 263 539 263 542
CRCL 411 492 47
LINE 591 411 591 336
LINE 747 393 735 393
LINE 349 405 349 339
LINE 488 319 476 321
LINE 484 296 507 296
LINE 650 631 612 631
LINE 429 512 442 525
LINE 612 441 650 441
LINE 612 255 612 243
LINE 612 489 650 489
LINE 323 333 348 321
LINE 612 271 612 259
LINE 412 314 411 317
LINE 264 467 267 465
LINE 731 393 719 393
LINE 404 301 402 304
LINE 455 484 471 484
LINE 612 175 612 163
LINE 0 0 960 0
LINE 467 299 467 308
REKT 487 575 45 47
LINE 495 319 495 298
LINE 612 553 650 553
LINE 430 317 430 319
LINE 389 325 383 321
LINE 859 393 847 393
LINE 549 309 549 308
LINE 392 313 393 313
LINE 496 319 495 319
LINE 751 393 751 355
LINE 650 179 650 191
LINE 279 645 285 645
LINE 423 313 425 315
LINE 377 315 379 314
LINE 435 319 436 320
LINE 328 169 283 169
LINE 650 243 650 255
LINE 334 652 334 633
LINE 323 393 323 427
LINE 650 143 612 143
LINE 461 581 474 581
LINE 650 549 612 549
LINE 412 311 412 314
LINE 549 318 549 318
LINE 513 302 513 319
LINE 550 309 549 309
LINE 650 303 612 303
LINE 763 393 751 393
LINE 650 227 650 239
LINE 279 615 279 645
LINE 650 549 612 549
LINE 687 355 699 355
LINE 650 127 612 127
LINE 504 314 505 314
LINE 612 517 612 505
LINE 686 380 672 380
LINE 262 435 262 447
LINE 612 115 650 115
LINE 431 338 454 326
LINE 402 539 402 564
LINE 650 597 612 597
LINE 650 629 612 629
LINE 612 143 612 131
LINE 650 239 612 239
LINE 612 485 612 473
LINE 482 310 487 313
LINE 484 297 484 296
LINE 509 318 507 320
LINE 383 318 388 318
LINE 444 317 447 320
LINE 650 517 612 517
LINE 595 308 590 310
LINE 349 565 441 565
LINE 699 393 687 393
LINE 290 169 293 198
LINE 349 631 349 565
LINE 650 191 612 191
LINE 703 393 703 355
LINE 960 0 960 720
LINE 650 457 650 469
LINE 612 319 612 307
LINE 264 459 264 466
LINE 286 404 286 411
LINE 426 316 428 316
LINE 612 613 612 601
LINE 563 419 453 419
LINE 482 310 487 313
LINE 444 314 444 316
LINE 426 316 428 316
LINE 442 588 458 588
LINE 330 577 336 552
LINE 650 275 650 287
LINE 650 565 612 565
LINE 623 411 638 411
LINE 586 294 588 306
LINE 612 505 650 505
LINE 612 291 650 291
LINE 509 318 507 320
LINE 586 294 588 306
LINE 430 339 430 405
LINE 472 439 546 439
LINE 438 320 441 320
LINE 514 320 515 319
LINE 672 366 686 366
LINE 564 391 590 410
LINE 650 223 612 223
LINE 638 335 623 335
LINE 650 175 612 175
LINE 875 355 875 393
LINE 462 615 477 615
LINE 650 211 650 223
LINE 383 313 383 317
LINE 330 394 349 405
LINE 650 425 650 631
LINE 623 335 623 321
LINE 549 318 549 311
LINE 650 565 612 565
LINE 476 299 482 299
LINE 285 350 330 350
LINE 323 333 348 321
LINE 404 319 402 316
LINE 795 355 795 393
LINE 285 576 330 576
LINE 751 355 763 355
LINE 402 446 402 405
LINE 831 393 831 355
LINE 719 393 719 355
LINE 305 652 333 652
LINE 875 393 863 393
LINE 565 355 591 336
LINE 348 428 348 552
LINE 699 355 699 393
LINE 612 127 612 115
LINE 891 393 879 393
LINE 612 485 612 473
LINE 330 590 349 590
LINE 612 617 650 617
LINE 546 439 546 557
LINE 612 601 650 601
LINE 811 355 811 393
LINE 650 143 612 143
LINE 513 302 513 319
LINE 348 197 348 321
LINE 293 416 293 428
LINE 612 131 650 131
LINE 438 320 441 320
LINE 422 299 420 307
LINE 402 309 412 310
LINE 650 147 650 159
LINE 612 191 612 179
LINE 650 425 650 437
LINE 612 569 650 569
LINE 442 607 457 607
LINE 779 393 767 393
LINE 451 309 447 309
LINE 267 436 263 435
LINE 363 302 359 302
LINE 612 601 650 601
LINE 612 457 650 457
LINE 327 631 327 620
LINE 476 299 482 299
LINE 612 259 650 259
LINE 348 485 366 485
LINE 703 393 703 355
LINE 404 301 402 304
LINE 507 296 507 297
LINE 638 411 638 424
LINE 428 316 430 317
LINE 612 239 612 227
LINE 404 319 402 316
LINE 410 466 410 446
LINE 612 457 650 457
LINE 472 501 456 501
LINE 330 576 330 619
LINE 501 309 501 311
LINE 638 411 638 424
LINE 650 425 650 631
LINE 612 179 650 179
LINE 650 601 650 613
LINE 482 299 488 303
LINE 507 297 484 297
LINE 285 577 278 552
LINE 650 469 612 469
LINE 462 615 477 615
LINE 747 393 735 393
LINE 472 439 453 420
LINE 767 355 779 355
LINE 507 297 484 297
REKT 275 124 56 45
LINE 358 302 358 318
LINE 421 538 421 564
LINE 612 321 612 115
LINE 374 313 374 318
LINE 416 446 416 405
LINE 318 197 322 169
LINE 650 469 612 469
LINE 891 355 891 393
LINE 875 355 875 393
LINE 389 318 389 314
LINE 495 298 496 298
LINE 363 302 359 302
LINE 612 537 650 537
LINE 488 313 488 318
REKT 350 339 80 65
LINE 751 355 763 355
LINE 731 393 719 393
LINE 719 393 719 355
LINE 612 195 650 195
LINE 389 325 383 321
LINE 891 393 879 393
LINE 650 437 612 437
LINE 402 304 402 309
LINE 650 617 650 629
LINE 508 307 517 307
LINE 286 645 289 651
LINE 442 588 458 588
LINE 431 338 454 326
LINE 267 552 267 428
LINE 650 191 612 191
LINE 267 428 348 428
LINE 389 318 389 325
LINE 462 308 466 320
LINE 285 577 278 552
LINE 650 601 650 613
LINE 623 321 638 321
LINE 412 311 412 314
LINE 827 355 827 393
LINE 612 613 612 601
LINE 650 115 650 321
LINE 416 307 419 311
LINE 389 318 389 314
LINE 843 355 843 393
LINE 715 355 715 393
LINE 263 447 267 448
LINE 348 501 363 501
LINE 650 521 650 533
LINE 650 533 612 533
LINE 486 619 486 576
LINE 650 287 612 287
LINE 330 606 348 606
LINE 294 333 267 322
LINE 747 355 747 393
LINE 827 393 815 393
LINE 650 485 612 485
LINE 650 259 650 271
LINE 859 355 859 393
LINE 650 505 650 517
LINE 496 298 496 319
REKT 470 439 78 118
LINE 735 393 735 355
LINE 583 318 583 297
LINE 650 473 650 485
LINE 330 350 330 393
LINE 650 195 650 207
LINE 358 318 363 318
LINE 429 474 442 460
LINE 531 619 486 619
LINE 549 308 550 308
LINE 879 355 891 355
CRCL 410 493 27
LINE 294 394 294 400
LINE 488 319 476 321
LINE 550 309 549 309
LINE 687 392 687 354
LINE 763 393 751 393
LINE 612 259 650 259
LINE 638 424 623 424
LINE 831 393 831 355
LINE 623 321 638 321
LINE 686 366 686 380
LINE 283 169 283 94
LINE 612 147 650 147
LINE 285 615 280 615
LINE 650 441 650 453
LINE 294 400 286 404
LINE 612 291 650 291
LINE 699 393 687 393
LINE 546 439 564 421
LINE 650 425 650 437
LINE 532 577 545 558
LINE 458 607 462 614
LINE 532 577 545 558
LINE 435 319 436 320
LINE 262 435 262 447
LINE 747 355 747 393
LINE 267 541 259 541
LINE 650 453 612 453
LINE 650 131 650 143
LINE 454 304 454 321
REKT 266 198 83 123
LINE 318 197 322 169
