10101
00100
10000
00111
10101
00111
10000
01101
11001
00001
11001
01000
11111
00111
01101
11010
10011
01000
11111
01000
10000
00111
10000
10000
11111
00010
10011
01011
11111
00111
11111
01011
01101
11010
11111
01000
10011
10011
11111
00111
01101
11010
11111
01000
01101
11010
10000
01000
11111
00010
10000
01110
10000
01110
11111
00010
10011
01011
01101
11010
11111
01110
11111
00001
01101
11010
11100
10011
11111
00010
11111
00001
11010
01011
10110
10110
11010
00001