1|0|0|gate|1
2|1|0|wall|B
3|2|0|gate|2
4|3|0|gate|6
5|4|0|gate|4
6|5|0|wall|1
7|6|0|gate|8
8|7|0|gate|7
9|8|0|gate|A
10|9|0|wall|5
11|10|0|gate|B
12|11|0|gate|F
13|12|0|wall|0
14|13|0|gate|F
15|14|0|gate|D
16|15|0|gate|D
17|16|0|gate|E
18|17|0|gate|D
19|18|0|wall|C
20|19|0|gate|9
21|20|0|wall|D
22|21|0|gate|8
23|22|0|gate|E
24|23|0|gate|4
25|24|0|gate|5
26|25|0|wall|9
27|26|0|gate|E
28|27|0|gate|B
29|28|0|gate|0
30|29|0|gate|3
31|30|0|gate|D
32|31|0|wall|7
33|32|0|gate|A
34|33|0|wall|E
35|34|0|gate|7
36|35|0|gate|2
37|36|0|gate|E
38|37|0|gate|6
39|38|0|gate|5
40|39|0|gate|5
41|40|0|wall|8
42|41|0|gate|B
43|42|0|gate|B
44|43|0|wall|C
45|44|0|gate|D
46|45|0|wall|0
47|46|0|gate|6
48|47|0|gate|8
49|48|0|gate|D
50|49|0|wall|3
51|0|1|gate|5
52|1|1|gate|4
53|2|1|wall|5
54|3|1|gate|1
55|4|1|wall|5
56|5|1|gate|6
57|6|1|gate|4
58|7|1|wall|5
59|8|1|gate|9
60|9|1|gate|1
61|10|1|wall|F
62|11|1|gate|2
63|12|1|gate|A
64|13|1|gate|D
65|14|1|wall|8
66|15|1|gate|A
67|16|1|wall|E
68|17|1|gate|1
69|18|1|wall|D
70|19|1|gate|A
71|20|1|gate|D
72|21|1|gate|9
73|22|1|wall|4
74|23|1|gate|9
75|24|1|wall|D
76|25|1|gate|A
77|26|1|gate|F
78|27|1|wall|3
79|28|1|gate|4
80|29|1|wall|1
81|30|1|gate|B
82|31|1|wall|A
83|32|1|gate|3
84|33|1|gate|F
85|34|1|wall|C
86|35|1|gate|8
87|36|1|wall|F
88|37|1|wall|0
89|38|1|wall|2
90|39|1|gate|B
91|40|1|gate|7
92|41|1|wall|5
93|42|1|gate|0
94|43|1|gate|E
95|44|1|gate|1
96|45|1|gate|F
97|46|1|gate|A
98|47|1|wall|A
99|48|1|gate|F
100|49|1|gate|8
101|0|2|wall|1
102|1|2|gate|C
103|2|2|gate|8
104|3|2|gate|2
105|4|2|gate|F
106|5|2|gate|3
107|6|2|wall|3
108|7|2|wall|8
109|8|2|wall|F
110|9|2|gate|5
111|10|2|wall|0
112|11|2|wall|1
113|12|2|gate|A
114|13|2|wall|3
115|14|2|gate|A
116|15|2|wall|8
117|16|2|gate|B
118|17|2|gate|B
119|18|2|gate|B
120|19|2|wall|7
121|20|2|gate|C
122|21|2|wall|6
123|22|2|wall|2
124|23|2|gate|E
125|24|2|gate|A
126|25|2|gate|D
127|26|2|wall|E
128|27|2|gate|E
129|28|2|wall|6
130|29|2|gate|C
131|30|2|gate|5
132|31|2|gate|6
133|32|2|wall|5
134|33|2|gate|9
135|34|2|gate|6
136|35|2|gate|A
137|36|2|wall|8
138|37|2|gate|2
139|38|2|gate|D
140|39|2|wall|3
141|40|2|gate|F
142|41|2|gate|C
143|42|2|gate|A
144|43|2|wall|A
145|44|2|wall|3
146|45|2|wall|9
147|46|2|wall|0
148|47|2|gate|7
149|48|2|gate|6
150|49|2|wall|6
151|0|3|gate|0
152|1|3|wall|4
153|2|3|wall|9
154|3|3|gate|C
155|4|3|wall|9
156|5|3|wall|8
157|6|3|gate|1
158|7|3|wall|2
159|8|3|wall|A
160|9|3|gate|7
161|10|3|gate|3
162|11|3|gate|1
163|12|3|gate|5
164|13|3|wall|D
165|14|3|gate|D
166|15|3|gate|8
167|16|3|wall|5
168|17|3|wall|D
169|18|3|gate|8
170|19|3|gate|3
171|20|3|gate|E
172|21|3|wall|E
173|22|3|gate|9
174|23|3|wall|1
175|24|3|gate|D
176|25|3|wall|A
177|26|3|gate|6
178|27|3|gate|1
179|28|3|gate|3
180|29|3|wall|0
181|30|3|wall|E
182|31|3|gate|3
183|32|3|gate|A
184|33|3|wall|F
185|34|3|wall|B
186|35|3|gate|1
187|36|3|gate|6
188|37|3|wall|9
189|38|3|gate|6
190|39|3|wall|8
191|40|3|wall|1
192|41|3|wall|9
193|42|3|wall|C
194|43|3|gate|6
195|44|3|gate|F
196|45|3|gate|5
197|46|3|gate|7
198|47|3|gate|6
199|48|3|wall|C
200|49|3|gate|C
201|0|4|gate|7
202|1|4|gate|3
203|2|4|wall|1
204|3|4|wall|B
205|4|4|gate|E
206|5|4|gate|E
207|6|4|gate|B
208|7|4|gate|9
209|8|4|gate|0
210|9|4|wall|9
211|10|4|wall|6
212|11|4|gate|5
213|12|4|wall|8
214|13|4|gate|4
215|14|4|wall|3
216|15|4|gate|C
217|16|4|gate|C
218|17|4|gate|4
219|18|4|wall|0
220|19|4|gate|A
221|20|4|wall|E
222|21|4|gate|C
223|22|4|gate|1
224|23|4|wall|F
225|24|4|wall|3
226|25|4|gate|C
227|26|4|gate|A
228|27|4|wall|1
229|28|4|gate|E
230|29|4|gate|B
231|30|4|gate|7
232|31|4|wall|5
233|32|4|gate|9
234|33|4|gate|4
235|34|4|gate|E
236|35|4|wall|F
237|36|4|gate|F
238|37|4|wall|F
239|38|4|gate|9
240|39|4|gate|F
241|40|4|gate|C
242|41|4|gate|1
243|42|4|gate|6
244|43|4|wall|F
245|44|4|wall|C
246|45|4|gate|8
247|46|4|wall|7
248|47|4|wall|E
249|48|4|gate|3
250|49|4|gate|4
251|0|5|gate|8
252|1|5|wall|3
253|2|5|gate|5
254|3|5|gate|2
255|4|5|gate|C
256|5|5|wall|8
257|6|5|wall|4
258|7|5|wall|2
259|8|5|gate|1
260|9|5|gate|4
261|10|5|gate|A
262|11|5|wall|1
263|12|5|gate|2
264|13|5|gate|5
265|14|5|gate|A
266|15|5|wall|7
267|16|5|gate|4
268|17|5|wall|0
269|18|5|gate|1
270|19|5|wall|D
271|20|5|gate|D
272|21|5|wall|6
273|22|5|gate|2
274|23|5|gate|B
275|24|5|gate|A
276|25|5|gate|2
277|26|5|wall|0
278|27|5|gate|8
279|28|5|wall|5
280|29|5|gate|F
281|30|5|wall|A
282|31|5|gate|5
283|32|5|gate|B
284|33|5|wall|3
285|34|5|gate|0
286|35|5|wall|4
287|36|5|gate|0
288|37|5|wall|C
289|38|5|wall|2
290|39|5|gate|F
291|40|5|wall|1
292|41|5|gate|1
293|42|5|wall|5
294|43|5|gate|6
295|44|5|gate|C
296|45|5|gate|D
297|46|5|wall|4
298|47|5|gate|5
299|48|5|gate|5
300|49|5|wall|1
301|0|6|gate|5
302|1|6|wall|F
303|2|6|gate|3
304|3|6|wall|8
305|4|6|wall|A
306|5|6|gate|6
307|6|6|gate|F
308|7|6|gate|F
309|8|6|wall|5
310|9|6|wall|0
311|10|6|gate|D
312|11|6|gate|2
313|12|6|wall|3
314|13|6|gate|C
315|14|6|wall|E
316|15|6|gate|E
317|16|6|gate|4
318|17|6|gate|4
319|18|6|gate|4
320|19|6|gate|D
321|20|6|gate|C
322|21|6|wall|7
323|22|6|gate|D
324|23|6|wall|1
325|24|6|wall|9
326|25|6|wall|8
327|26|6|gate|8
328|27|6|gate|D
329|28|6|gate|1
330|29|6|gate|E
331|30|6|gate|3
332|31|6|wall|A
333|32|6|wall|C
334|33|6|gate|5
335|34|6|gate|8
336|35|6|wall|7
337|36|6|gate|3
338|37|6|gate|0
339|38|6|wall|4
340|39|6|gate|F
341|40|6|wall|7
342|41|6|gate|2
343|42|6|wall|4
344|43|6|gate|0
345|44|6|wall|1
346|45|6|wall|A
347|46|6|gate|A
348|47|6|wall|C
349|48|6|gate|C
350|49|6|gate|6
351|0|7|gate|A
352|1|7|gate|5
353|2|7|gate|7
354|3|7|wall|6
355|4|7|gate|6
356|5|7|gate|1
357|6|7|wall|E
358|7|7|gate|0
359|8|7|gate|D
360|9|7|gate|A
361|10|7|wall|F
362|11|7|gate|6
363|12|7|gate|B
364|13|7|gate|E
365|14|7|gate|3
366|15|7|gate|D
367|16|7|wall|D
368|17|7|gate|B
369|18|7|wall|2
370|19|7|gate|E
371|20|7|wall|3
372|21|7|gate|B
373|22|7|gate|C
374|23|7|wall|A
375|24|7|gate|F
376|25|7|gate|C
377|26|7|wall|2
378|27|7|wall|E
379|28|7|gate|6
380|29|7|wall|F
381|30|7|wall|A
382|31|7|gate|7
383|32|7|gate|4
384|33|7|gate|1
385|34|7|wall|0
386|35|7|wall|C
387|36|7|wall|4
388|37|7|gate|B
389|38|7|wall|F
390|39|7|gate|6
391|40|7|wall|A
392|41|7|gate|E
393|42|7|wall|2
394|43|7|gate|F
395|44|7|wall|3
396|45|7|gate|1
397|46|7|gate|0
398|47|7|gate|1
399|48|7|wall|2
400|49|7|gate|C
401|0|8|gate|7
402|1|8|wall|9
403|2|8|gate|2
404|3|8|gate|6
405|4|8|wall|C
406|5|8|wall|8
407|6|8|gate|1
408|7|8|gate|C
409|8|8|wall|2
410|9|8|gate|8
411|10|8|gate|7
412|11|8|wall|4
413|12|8|wall|6
414|13|8|wall|3
415|14|8|wall|8
416|15|8|wall|A
417|16|8|gate|2
418|17|8|gate|5
419|18|8|gate|0
420|19|8|wall|7
421|20|8|gate|2
422|21|8|gate|E
423|22|8|wall|0
424|23|8|gate|8
425|24|8|gate|4
426|25|8|wall|3
427|26|8|gate|B
428|27|8|gate|6
429|28|8|gate|5
430|29|8|wall|6
431|30|8|gate|C
432|31|8|gate|8
433|32|8|wall|8
434|33|8|wall|4
435|34|8|wall|6
436|35|8|wall|4
437|36|8|gate|4
438|37|8|gate|2
439|38|8|wall|4
440|39|8|gate|7
441|40|8|gate|C
442|41|8|wall|7
443|42|8|gate|C
444|43|8|gate|B
445|44|8|gate|F
446|45|8|gate|D
447|46|8|wall|B
448|47|8|gate|6
449|48|8|gate|F
450|49|8|gate|D
451|0|9|wall|7
452|1|9|gate|A
453|2|9|wall|F
454|3|9|gate|6
455|4|9|wall|5
456|5|9|gate|B
457|6|9|gate|A
458|7|9|wall|9
459|8|9|wall|4
460|9|9|gate|F
461|10|9|wall|0
462|11|9|gate|B
463|12|9|gate|E
464|13|9|gate|E
465|14|9|gate|E
466|15|9|gate|C
467|16|9|wall|8
468|17|9|wall|3
469|18|9|gate|F
470|19|9|gate|4
471|20|9|wall|1
472|21|9|gate|5
473|22|9|gate|B
474|23|9|wall|C
475|24|9|gate|E
476|25|9|wall|9
477|26|9|gate|8
478|27|9|wall|D
479|28|9|gate|2
480|29|9|wall|B
481|30|9|gate|4
482|31|9|wall|0
483|32|9|gate|6
484|33|9|gate|7
485|34|9|wall|5
486|35|9|gate|B
487|36|9|gate|B
488|37|9|wall|4
489|38|9|wall|5
490|39|9|wall|9
491|40|9|gate|E
492|41|9|gate|0
493|42|9|wall|7
494|43|9|wall|C
495|44|9|wall|D
496|45|9|wall|7
497|46|9|gate|C
498|47|9|wall|B
499|48|9|gate|0
500|49|9|wall|B
501|0|10|gate|B
502|1|10|gate|A
503|2|10|wall|9
504|3|10|gate|F
505|4|10|gate|E
506|5|10|wall|4
507|6|10|wall|0
508|7|10|wall|5
509|8|10|gate|A
510|9|10|gate|F
511|10|10|wall|D
512|11|10|gate|9
513|12|10|wall|2
514|13|10|gate|9
515|14|10|wall|D
516|15|10|gate|C
517|16|10|gate|7
518|17|10|wall|5
519|18|10|wall|D
520|19|10|gate|9
521|20|10|gate|4
522|21|10|gate|6
523|22|10|wall|7
524|23|10|gate|E
525|24|10|gate|8
526|25|10|wall|2
527|26|10|gate|9
528|27|10|gate|C
529|28|10|wall|9
530|29|10|wall|1
531|30|10|gate|0
532|31|10|gate|8
533|32|10|wall|D
534|33|10|gate|6
535|34|10|gate|B
536|35|10|gate|0
537|36|10|wall|F
538|37|10|wall|2
539|38|10|wall|A
540|39|10|gate|6
541|40|10|wall|3
542|41|10|gate|7
543|42|10|gate|8
544|43|10|gate|2
545|44|10|gate|B
546|45|10|gate|8
547|46|10|gate|7
548|47|10|wall|7
549|48|10|gate|E
550|49|10|gate|B
551|0|11|gate|0
552|1|11|wall|6
553|2|11|gate|0
554|3|11|wall|9
555|4|11|gate|D
556|5|11|wall|2
557|6|11|gate|F
558|7|11|gate|F
559|8|11|gate|C
560|9|11|wall|6
561|10|11|gate|B
562|11|11|gate|3
563|12|11|wall|E
564|13|11|gate|9
565|14|11|gate|3
566|15|11|wall|D
567|16|11|gate|4
568|17|11|gate|D
569|18|11|wall|C
570|19|11|wall|9
571|20|11|wall|F
572|21|11|wall|1
573|22|11|gate|3
574|23|11|gate|3
575|24|11|wall|C
576|25|11|gate|C
577|26|11|wall|8
578|27|11|gate|6
579|28|11|gate|2
580|29|11|gate|7
581|30|11|wall|0
582|31|11|gate|C
583|32|11|gate|F
584|33|11|gate|D
585|34|11|wall|9
586|35|11|wall|C
587|36|11|gate|B
588|37|11|wall|E
589|38|11|gate|E
590|39|11|gate|9
591|40|11|wall|7
592|41|11|wall|B
593|42|11|gate|E
594|43|11|wall|7
595|44|11|gate|D
596|45|11|wall|9
597|46|11|gate|9
598|47|11|wall|4
599|48|11|wall|8
600|49|11|gate|8
601|0|12|gate|1
602|1|12|gate|B
603|2|12|gate|C
604|3|12|wall|7
605|4|12|gate|E
606|5|12|wall|F
607|6|12|gate|C
608|7|12|wall|5
609|8|12|wall|F
610|9|12|gate|3
611|10|12|gate|D
612|11|12|wall|2
613|12|12|gate|B
614|13|12|wall|3
615|14|12|gate|2
616|15|12|wall|3
617|16|12|gate|9
618|17|12|wall|2
619|18|12|gate|1
620|19|12|gate|2
621|20|12|gate|C
622|21|12|gate|6
623|22|12|wall|1
624|23|12|gate|E
625|24|12|gate|C
626|25|12|gate|E
627|26|12|gate|B
628|27|12|wall|7
629|28|12|wall|9
630|29|12|gate|0
631|30|12|gate|2
632|31|12|wall|6
633|32|12|wall|6
634|33|12|wall|9
635|34|12|gate|9
636|35|12|gate|0
637|36|12|gate|0
638|37|12|gate|8
639|38|12|gate|9
640|39|12|wall|0
641|40|12|gate|7
642|41|12|gate|9
643|42|12|gate|4
644|43|12|wall|1
645|44|12|gate|1
646|45|12|gate|E
647|46|12|wall|3
648|47|12|gate|A
649|48|12|gate|7
650|49|12|gate|E
651|0|13|gate|2
652|1|13|wall|4
653|2|13|gate|A
654|3|13|gate|4
655|4|13|gate|4
656|5|13|wall|7
657|6|13|gate|B
658|7|13|wall|2
659|8|13|gate|6
660|9|13|gate|5
661|10|13|wall|4
662|11|13|gate|8
663|12|13|gate|D
664|13|13|wall|5
665|14|13|gate|E
666|15|13|wall|2
667|16|13|gate|0
668|17|13|wall|2
669|18|13|gate|5
670|19|13|wall|0
671|20|13|wall|A
672|21|13|gate|8
673|22|13|gate|5
674|23|13|gate|D
675|24|13|wall|5
676|25|13|wall|D
677|26|13|gate|D
678|27|13|gate|8
679|28|13|gate|2
680|29|13|wall|E
681|30|13|gate|B
682|31|13|gate|9
683|32|13|gate|C
684|33|13|wall|8
685|34|13|gate|6
686|35|13|wall|8
687|36|13|gate|4
688|37|13|wall|2
689|38|13|wall|8
690|39|13|wall|F
691|40|13|gate|E
692|41|13|wall|C
693|42|13|gate|7
694|43|13|wall|1
695|44|13|gate|E
696|45|13|wall|3
697|46|13|gate|B
698|47|13|gate|2
699|48|13|wall|7
700|49|13|wall|1
701|0|14|gate|A
702|1|14|gate|1
703|2|14|wall|1
704|3|14|wall|A
705|4|14|wall|D
706|5|14|gate|9
707|6|14|gate|4
708|7|14|gate|F
709|8|14|gate|9
710|9|14|wall|6
711|10|14|wall|6
712|11|14|wall|0
713|12|14|gate|E
714|13|14|wall|C
715|14|14|gate|0
716|15|14|wall|C
717|16|14|wall|C
718|17|14|wall|6
719|18|14|gate|7
720|19|14|wall|E
721|20|14|wall|C
722|21|14|wall|A
723|22|14|gate|F
724|23|14|wall|B
725|24|14|gate|1
726|25|14|wall|2
727|26|14|wall|6
728|27|14|wall|B
729|28|14|gate|1
730|29|14|gate|0
731|30|14|wall|C
732|31|14|wall|A
733|32|14|gate|B
734|33|14|gate|3
735|34|14|gate|5
736|35|14|wall|9
737|36|14|gate|E
738|37|14|gate|1
739|38|14|gate|1
740|39|14|gate|7
741|40|14|gate|F
742|41|14|wall|C
743|42|14|gate|5
744|43|14|gate|1
745|44|14|wall|7
746|45|14|wall|9
747|46|14|gate|5
748|47|14|wall|7
749|48|14|gate|C
750|49|14|gate|8
751|0|15|wall|6
752|1|15|gate|7
753|2|15|wall|6
754|3|15|gate|A
755|4|15|gate|1
756|5|15|wall|0
757|6|15|gate|B
758|7|15|wall|E
759|8|15|wall|4
760|9|15|wall|7
761|10|15|wall|7
762|11|15|gate|C
763|12|15|gate|0
764|13|15|wall|6
765|14|15|gate|3
766|15|15|gate|5
767|16|15|gate|7
768|17|15|gate|8
769|18|15|gate|0
770|19|15|gate|8
771|20|15|wall|2
772|21|15|wall|2
773|22|15|gate|A
774|23|15|gate|8
775|24|15|gate|D
776|25|15|gate|4
777|26|15|gate|2
778|27|15|gate|F
779|28|15|wall|F
780|29|15|gate|D
781|30|15|gate|D
782|31|15|gate|8
783|32|15|wall|1
784|33|15|wall|6
785|34|15|wall|F
786|35|15|wall|1
787|36|15|wall|B
788|37|15|wall|F
789|38|15|gate|2
790|39|15|wall|B
791|40|15|wall|2
792|41|15|gate|9
793|42|15|wall|F
794|43|15|gate|A
795|44|15|gate|0
796|45|15|gate|7
797|46|15|gate|1
798|47|15|wall|F
799|48|15|wall|2
800|49|15|gate|4
801|0|16|gate|A
802|1|16|gate|C
803|2|16|wall|D
804|3|16|wall|B
805|4|16|gate|7
806|5|16|gate|D
807|6|16|gate|F
808|7|16|gate|4
809|8|16|gate|D
810|9|16|wall|5
811|10|16|gate|A
812|11|16|gate|B
813|12|16|wall|6
814|13|16|wall|0
815|14|16|wall|F
816|15|16|wall|6
817|16|16|wall|4
818|17|16|gate|7
819|18|16|wall|2
820|19|16|gate|9
821|20|16|gate|E
822|21|16|gate|D
823|22|16|wall|5
824|23|16|wall|9
825|24|16|wall|7
826|25|16|gate|9
827|26|16|wall|E
828|27|16|gate|9
829|28|16|gate|F
830|29|16|wall|6
831|30|16|wall|1
832|31|16|wall|B
833|32|16|gate|6
834|33|16|gate|7
835|34|16|gate|B
836|35|16|wall|1
837|36|16|gate|0
838|37|16|gate|D
839|38|16|wall|C
840|39|16|wall|F
841|40|16|gate|7
842|41|16|gate|D
843|42|16|gate|A
844|43|16|wall|5
845|44|16|wall|F
846|45|16|gate|2
847|46|16|wall|8
848|47|16|gate|B
849|48|16|gate|8
850|49|16|gate|D
851|0|17|gate|8
852|1|17|wall|E
853|2|17|gate|A
854|3|17|wall|2
855|4|17|gate|5
856|5|17|wall|1
857|6|17|gate|9
858|7|17|wall|6
859|8|17|gate|3
860|9|17|gate|1
861|10|17|gate|7
862|11|17|wall|9
863|12|17|gate|B
864|13|17|wall|B
865|14|17|gate|B
866|15|17|gate|D
867|16|17|gate|2
868|17|17|wall|A
869|18|17|wall|6
870|19|17|wall|E
871|20|17|gate|D
872|21|17|wall|9
873|22|17|gate|D
874|23|17|gate|1
875|24|17|gate|3
876|25|17|wall|2
877|26|17|gate|E
878|27|17|wall|1
879|28|17|gate|8
880|29|17|gate|F
881|30|17|gate|C
882|31|17|gate|A
883|32|17|gate|9
884|33|17|wall|4
885|34|17|gate|D
886|35|17|gate|1
887|36|17|wall|5
888|37|17|gate|5
889|38|17|gate|B
890|39|17|gate|E
891|40|17|gate|7
892|41|17|wall|B
893|42|17|gate|7
894|43|17|gate|A
895|44|17|gate|F
896|45|17|wall|8
897|46|17|wall|0
898|47|17|gate|1
899|48|17|wall|8
900|49|17|gate|9
901|0|18|gate|C
902|1|18|gate|8
903|2|18|gate|A
904|3|18|gate|5
905|4|18|wall|7
906|5|18|wall|7
907|6|18|wall|0
908|7|18|gate|5
909|8|18|wall|0
910|9|18|gate|F
911|10|18|wall|9
912|11|18|wall|A
913|12|18|gate|0
914|13|18|gate|F
915|14|18|gate|F
916|15|18|wall|C
917|16|18|gate|2
918|17|18|gate|8
919|18|18|wall|2
920|19|18|gate|1
921|20|18|wall|D
922|21|18|gate|4
923|22|18|gate|1
924|23|18|wall|6
925|24|18|gate|7
926|25|18|gate|E
927|26|18|gate|A
928|27|18|gate|3
929|28|18|wall|9
930|29|18|gate|0
931|30|18|wall|3
932|31|18|wall|2
933|32|18|wall|1
934|33|18|wall|C
935|34|18|wall|9
936|35|18|gate|D
937|36|18|gate|3
938|37|18|gate|5
939|38|18|wall|5
940|39|18|wall|7
941|40|18|wall|8
942|41|18|wall|0
943|42|18|gate|E
944|43|18|wall|2
945|44|18|gate|D
946|45|18|gate|4
947|46|18|gate|4
948|47|18|gate|B
949|48|18|wall|E
950|49|18|gate|D
951|0|19|wall|3
952|1|19|wall|3
953|2|19|wall|E
954|3|19|gate|B
955|4|19|wall|0
956|5|19|wall|4
957|6|19|gate|A
958|7|19|gate|4
959|8|19|gate|D
960|9|19|wall|8
961|10|19|gate|D
962|11|19|gate|9
963|12|19|gate|0
964|13|19|wall|D
965|14|19|wall|0
966|15|19|gate|2
967|16|19|wall|A
968|17|19|gate|A
969|18|19|wall|2
970|19|19|gate|4
971|20|19|gate|F
972|21|19|gate|9
973|22|19|wall|A
974|23|19|gate|4
975|24|19|wall|4
976|25|19|wall|B
977|26|19|wall|4
978|27|19|gate|A
979|28|19|gate|9
980|29|19|wall|2
981|30|19|gate|F
982|31|19|gate|8
983|32|19|gate|5
984|33|19|wall|E
985|34|19|gate|1
986|35|19|gate|8
987|36|19|wall|1
988|37|19|wall|9
989|38|19|gate|4
990|39|19|gate|C
991|40|19|gate|3
992|41|19|gate|F
993|42|19|gate|0
994|43|19|gate|6
995|44|19|wall|8
996|45|19|wall|B
997|46|19|wall|2
998|47|19|wall|8
999|48|19|gate|3
1000|49|19|gate|9
1001|0|20|gate|2
1002|1|20|gate|8
1003|2|20|wall|B
1004|3|20|gate|A
1005|4|20|gate|9
1006|5|20|gate|E
1007|6|20|gate|1
1008|7|20|wall|9
1009|8|20|gate|2
1010|9|20|wall|B
1011|10|20|gate|A
1012|11|20|wall|2
1013|12|20|wall|5
1014|13|20|gate|3
1015|14|20|gate|4
1016|15|20|gate|6
1017|16|20|wall|9
1018|17|20|gate|C
1019|18|20|gate|4
1020|19|20|wall|6
1021|20|20|wall|6
1022|21|20|gate|C
1023|22|20|wall|E
1024|23|20|gate|4
1025|24|20|gate|9
1026|25|20|gate|5
1027|26|20|gate|2
1028|27|20|wall|4
1029|28|20|gate|2
1030|29|20|gate|F
1031|30|20|gate|9
1032|31|20|wall|7
1033|32|20|gate|0
1034|33|20|gate|6
1035|34|20|wall|B
1036|35|20|gate|C
1037|36|20|wall|D
1038|37|20|gate|E
1039|38|20|gate|B
1040|39|20|wall|0
1041|40|20|wall|5
1042|41|20|wall|F
1043|42|20|wall|B
1044|43|20|wall|A
1045|44|20|gate|A
1046|45|20|gate|E
1047|46|20|gate|6
1048|47|20|wall|1
1049|48|20|gate|9
1050|49|20|wall|4
1051|0|21|gate|D
1052|1|21|wall|3
1053|2|21|gate|1
1054|3|21|wall|7
1055|4|21|gate|2
1056|5|21|wall|9
1057|6|21|wall|3
1058|7|21|wall|9
1059|8|21|gate|4
1060|9|21|gate|A
1061|10|21|gate|C
1062|11|21|wall|4
1063|12|21|gate|C
1064|13|21|wall|8
1065|14|21|gate|0
1066|15|21|wall|3
1067|16|21|gate|8
1068|17|21|gate|1
1069|18|21|wall|6
1070|19|21|gate|B
1071|20|21|gate|E
1072|21|21|gate|D
1073|22|21|wall|E
1074|23|21|gate|3
1075|24|21|wall|0
1076|25|21|wall|C
1077|26|21|gate|0
1078|27|21|wall|B
1079|28|21|gate|F
1080|29|21|wall|1
1081|30|21|wall|B
1082|31|21|gate|F
1083|32|21|wall|8
1084|33|21|gate|7
1085|34|21|gate|4
1086|35|21|wall|5
1087|36|21|gate|5
1088|37|21|gate|9
1089|38|21|wall|3
1090|39|21|gate|0
1091|40|21|gate|6
1092|41|21|gate|5
1093|42|21|gate|7
1094|43|21|gate|4
1095|44|21|gate|6
1096|45|21|wall|2
1097|46|21|wall|B
1098|47|21|wall|D
1099|48|21|gate|3
1100|49|21|wall|8
1101|0|22|gate|5
1102|1|22|gate|2
1103|2|22|gate|C
1104|3|22|gate|D
1105|4|22|wall|2
1106|5|22|gate|6
1107|6|22|gate|C
1108|7|22|gate|C
1109|8|22|wall|B
1110|9|22|wall|1
1111|10|22|wall|B
1112|11|22|wall|C
1113|12|22|gate|4
1114|13|22|gate|5
1115|14|22|gate|E
1116|15|22|wall|1
1117|16|22|gate|7
1118|17|22|wall|C
1119|18|22|gate|2
1120|19|22|gate|4
1121|20|22|wall|9
1122|21|22|wall|9
1123|22|22|gate|A
1124|23|22|gate|4
1125|24|22|wall|3
1126|25|22|wall|C
1127|26|22|gate|E
1128|27|22|gate|3
1129|28|22|wall|3
1130|29|22|gate|9
1131|30|22|gate|7
1132|31|22|gate|6
1133|32|22|gate|1
1134|33|22|wall|F
1135|34|22|gate|0
1136|35|22|wall|6
1137|36|22|gate|E
1138|37|22|wall|6
1139|38|22|gate|0
1140|39|22|gate|B
1141|40|22|wall|5
1142|41|22|wall|7
1143|42|22|gate|3
1144|43|22|wall|E
1145|44|22|wall|B
1146|45|22|wall|F
1147|46|22|gate|6
1148|47|22|gate|9
1149|48|22|gate|3
1150|49|22|gate|A
1151|0|23|wall|5
1152|1|23|gate|F
1153|2|23|wall|7
1154|3|23|wall|E
1155|4|23|gate|B
1156|5|23|gate|1
1157|6|23|wall|D
1158|7|23|gate|5
1159|8|23|gate|1
1160|9|23|gate|D
1161|10|23|gate|B
1162|11|23|gate|B
1163|12|23|wall|C
1164|13|23|gate|5
1165|14|23|wall|E
1166|15|23|wall|4
1167|16|23|gate|B
1168|17|23|gate|9
1169|18|23|gate|0
1170|19|23|wall|E
1171|20|23|wall|7
1172|21|23|wall|1
1173|22|23|wall|F
1174|23|23|gate|D
1175|24|23|gate|9
1176|25|23|gate|F
1177|26|23|wall|9
1178|27|23|gate|F
1179|28|23|gate|0
1180|29|23|wall|4
1181|30|23|wall|4
1182|31|23|wall|1
1183|32|23|gate|7
1184|33|23|wall|F
1185|34|23|gate|C
1186|35|23|wall|A
1187|36|23|gate|4
1188|37|23|gate|A
1189|38|23|wall|5
1190|39|23|gate|5
1191|40|23|gate|4
1192|41|23|wall|6
1193|42|23|gate|2
1194|43|23|gate|7
1195|44|23|gate|2
1196|45|23|gate|B
1197|46|23|gate|2
1198|47|23|wall|7
1199|48|23|wall|2
1200|49|23|gate|3
1201|0|24|gate|F
1202|1|24|gate|5
1203|2|24|gate|9
1204|3|24|gate|D
1205|4|24|gate|6
1206|5|24|wall|0
1207|6|24|gate|2
1208|7|24|wall|D
1209|8|24|wall|2
1210|9|24|gate|1
1211|10|24|wall|C
1212|11|24|gate|F
1213|12|24|gate|0
1214|13|24|gate|6
1215|14|24|wall|F
1216|15|24|gate|D
1217|16|24|wall|C
1218|17|24|wall|0
1219|18|24|wall|8
1220|19|24|gate|0
1221|20|24|wall|A
1222|21|24|wall|9
1223|22|24|gate|E
1224|23|24|wall|8
1225|24|24|wall|6
1226|25|24|gate|C
1227|26|24|gate|F
1228|27|24|wall|E
1229|28|24|gate|9
1230|29|24|gate|9
1231|30|24|gate|C
1232|31|24|gate|3
1233|32|24|gate|2
1234|33|24|wall|F
1235|34|24|gate|D
1236|35|24|gate|D
1237|36|24|wall|F
1238|37|24|gate|3
1239|38|24|wall|2
1240|39|24|gate|F
1241|40|24|wall|3
1242|41|24|wall|D
1243|42|24|wall|0
1244|43|24|wall|F
1245|44|24|gate|1
1246|45|24|wall|2
1247|46|24|wall|3
1248|47|24|gate|7
1249|48|24|gate|7
1250|49|24|wall|4
1251|0|25|gate|0
1252|1|25|wall|D
1253|2|25|gate|C
1254|3|25|wall|1
1255|4|25|wall|8
1256|5|25|gate|C
1257|6|25|gate|E
1258|7|25|gate|A
1259|8|25|wall|6
1260|9|25|wall|3
1261|10|25|wall|D
1262|11|25|wall|0
1263|12|25|wall|C
1264|13|25|gate|1
1265|14|25|wall|D
1266|15|25|gate|A
1267|16|25|wall|E
1268|17|25|gate|B
1269|18|25|gate|1
1270|19|25|gate|6
1271|20|25|gate|1
1272|21|25|gate|B
1273|22|25|gate|0
1274|23|25|wall|0
1275|24|25|gate|A
1276|25|25|wall|4
1277|26|25|gate|0
1278|27|25|wall|D
1279|28|25|wall|F
1280|29|25|gate|9
1281|30|25|wall|1
1282|31|25|gate|5
1283|32|25|wall|6
1284|33|25|wall|E
1285|34|25|gate|8
1286|35|25|wall|5
1287|36|25|gate|3
1288|37|25|gate|8
1289|38|25|wall|D
1290|39|25|gate|8
1291|40|25|gate|F
1292|41|25|wall|E
1293|42|25|gate|E
1294|43|25|gate|0
1295|44|25|wall|2
1296|45|25|wall|A
1297|46|25|gate|A
1298|47|25|wall|E
1299|48|25|gate|5
1300|49|25|gate|2
1301|0|26|wall|0
1302|1|26|gate|4
1303|2|26|gate|B
1304|3|26|wall|3
1305|4|26|gate|A
1306|5|26|gate|E
1307|6|26|wall|0
1308|7|26|gate|7
1309|8|26|gate|E
1310|9|26|gate|5
1311|10|26|wall|C
1312|11|26|gate|8
1313|12|26|gate|E
1314|13|26|gate|D
1315|14|26|gate|5
1316|15|26|gate|F
1317|16|26|gate|D
1318|17|26|wall|0
1319|18|26|wall|1
1320|19|26|wall|F
1321|20|26|gate|E
1322|21|26|wall|8
1323|22|26|gate|7
1324|23|26|gate|E
1325|24|26|gate|E
1326|25|26|wall|9
1327|26|26|gate|7
1328|27|26|gate|0
1329|28|26|wall|C
1330|29|26|gate|B
1331|30|26|gate|D
1332|31|26|wall|0
1333|32|26|gate|2
1334|33|26|gate|6
1335|34|26|gate|C
1336|35|26|wall|7
1337|36|26|wall|8
1338|37|26|gate|A
1339|38|26|gate|B
1340|39|26|wall|A
1341|40|26|gate|7
1342|41|26|gate|C
1343|42|26|wall|A
1344|43|26|gate|3
1345|44|26|gate|1
1346|45|26|gate|0
1347|46|26|gate|7
1348|47|26|gate|5
1349|48|26|wall|1
1350|49|26|gate|B
1351|0|27|gate|6
1352|1|27|gate|E
1353|2|27|wall|0
1354|3|27|gate|7
1355|4|27|gate|F
1356|5|27|wall|0
1357|6|27|gate|6
1358|7|27|wall|5
1359|8|27|wall|7
1360|9|27|gate|D
1361|10|27|gate|2
1362|11|27|wall|9
1363|12|27|wall|0
1364|13|27|wall|F
1365|14|27|gate|3
1366|15|27|wall|C
1367|16|27|gate|9
1368|17|27|gate|D
1369|18|27|gate|4
1370|19|27|gate|C
1371|20|27|gate|E
1372|21|27|wall|6
1373|22|27|gate|1
1374|23|27|wall|0
1375|24|27|gate|4
1376|25|27|gate|C
1377|26|27|wall|3
1378|27|27|gate|F
1379|28|27|wall|0
1380|29|27|wall|3
1381|30|27|gate|E
1382|31|27|gate|B
1383|32|27|gate|D
1384|33|27|wall|0
1385|34|27|wall|D
1386|35|27|gate|B
1387|36|27|gate|A
1388|37|27|gate|B
1389|38|27|wall|0
1390|39|27|gate|1
1391|40|27|gate|D
1392|41|27|wall|A
1393|42|27|gate|9
1394|43|27|gate|3
1395|44|27|wall|C
1396|45|27|gate|C
1397|46|27|wall|6
1398|47|27|wall|B
1399|48|27|wall|8
1400|49|27|gate|9
1401|0|28|wall|4
1402|1|28|gate|8
1403|2|28|wall|8
1404|3|28|gate|4
1405|4|28|wall|F
1406|5|28|gate|F
1407|6|28|gate|8
1408|7|28|gate|3
1409|8|28|wall|B
1410|9|28|wall|C
1411|10|28|gate|7
1412|11|28|gate|5
1413|12|28|gate|C
1414|13|28|gate|0
1415|14|28|wall|3
1416|15|28|gate|A
1417|16|28|wall|A
1418|17|28|wall|F
1419|18|28|wall|8
1420|19|28|gate|6
1421|20|28|wall|8
1422|21|28|gate|A
1423|22|28|gate|F
1424|23|28|gate|E
1425|24|28|wall|F
1426|25|28|wall|B
1427|26|28|wall|7
1428|27|28|gate|E
1429|28|28|gate|C
1430|29|28|gate|9
1431|30|28|wall|8
1432|31|28|wall|F
1433|32|28|wall|D
1434|33|28|gate|6
1435|34|28|gate|9
1436|35|28|gate|7
1437|36|28|wall|B
1438|37|28|wall|8
1439|38|28|gate|9
1440|39|28|gate|9
1441|40|28|wall|6
1442|41|28|wall|3
1443|42|28|gate|2
1444|43|28|wall|7
1445|44|28|gate|8
1446|45|28|gate|1
1447|46|28|gate|4
1448|47|28|gate|F
1449|48|28|gate|F
1450|49|28|gate|C
1451|0|29|gate|C
1452|1|29|gate|B
1453|2|29|wall|1
1454|3|29|gate|3
1455|4|29|wall|F
1456|5|29|gate|9
1457|6|29|wall|8
1458|7|29|gate|2
1459|8|29|gate|F
1460|9|29|gate|9
1461|10|29|wall|4
1462|11|29|gate|0
1463|12|29|wall|6
1464|13|29|gate|1
1465|14|29|wall|0
1466|15|29|gate|B
1467|16|29|gate|B
1468|17|29|gate|1
1469|18|29|gate|B
1470|19|29|wall|F
1471|20|29|gate|8
1472|21|29|gate|9
1473|22|29|wall|A
1474|23|29|wall|7
1475|24|29|gate|C
1476|25|29|gate|5
1477|26|29|gate|F
1478|27|29|wall|8
1479|28|29|wall|2
1480|29|29|gate|E
1481|30|29|gate|6
1482|31|29|gate|0
1483|32|29|gate|C
1484|33|29|gate|5
1485|34|29|wall|7
1486|35|29|wall|F
1487|36|29|gate|D
1488|37|29|gate|4
1489|38|29|gate|0
1490|39|29|wall|8
1491|40|29|gate|D
1492|41|29|gate|5
1493|42|29|gate|A
1494|43|29|wall|6
1495|44|29|wall|1
1496|45|29|wall|E
1497|46|29|gate|1
1498|47|29|wall|E
1499|48|29|gate|1
1500|49|29|wall|E
1501|0|30|gate|D
1502|1|30|wall|E
1503|2|30|gate|6
1504|3|30|gate|9
1505|4|30|wall|A
1506|5|30|gate|1
1507|6|30|wall|5
1508|7|30|wall|3
1509|8|30|wall|D
1510|9|30|gate|3
1511|10|30|gate|8
1512|11|30|wall|6
1513|12|30|gate|E
1514|13|30|gate|E
1515|14|30|wall|5
1516|15|30|gate|1
1517|16|30|wall|1
1518|17|30|wall|E
1519|18|30|gate|5
1520|19|30|gate|8
1521|20|30|gate|2
1522|21|30|wall|F
1523|22|30|gate|3
1524|23|30|wall|6
1525|24|30|gate|8
1526|25|30|wall|9
1527|26|30|gate|6
1528|27|30|wall|7
1529|28|30|gate|D
1530|29|30|wall|6
1531|30|30|wall|C
1532|31|30|gate|D
1533|32|30|wall|0
1534|33|30|gate|2
1535|34|30|wall|0
1536|35|30|gate|9
1537|36|30|gate|7
1538|37|30|wall|5
1539|38|30|wall|3
1540|39|30|gate|3
1541|40|30|wall|2
1542|41|30|gate|A
1543|42|30|wall|4
1544|43|30|gate|3
1545|44|30|gate|F
1546|45|30|gate|7
1547|46|30|wall|1
1548|47|30|gate|4
1549|48|30|gate|B
1550|49|30|wall|0
1551|0|31|gate|0
1552|1|31|wall|4
1553|2|31|wall|D
1554|3|31|gate|5
1555|4|31|gate|3
1556|5|31|wall|D
1557|6|31|gate|0
1558|7|31|gate|1
1559|8|31|gate|1
1560|9|31|gate|A
1561|10|31|wall|1
1562|11|31|gate|F
1563|12|31|gate|0
1564|13|31|wall|7
1565|14|31|gate|1
1566|15|31|gate|3
1567|16|31|wall|A
1568|17|31|gate|D
1569|18|31|gate|7
1570|19|31|wall|A
1571|20|31|wall|0
1572|21|31|gate|4
1573|22|31|gate|D
1574|23|31|gate|3
1575|24|31|gate|9
1576|25|31|wall|6
1577|26|31|gate|0
1578|27|31|gate|6
1579|28|31|gate|6
1580|29|31|gate|B
1581|30|31|gate|3
1582|31|31|wall|1
1583|32|31|wall|7
1584|33|31|wall|0
1585|34|31|gate|8
1586|35|31|gate|0
1587|36|31|wall|4
1588|37|31|gate|B
1589|38|31|gate|C
1590|39|31|gate|D
1591|40|31|gate|7
1592|41|31|wall|3
1593|42|31|gate|2
1594|43|31|gate|A
1595|44|31|wall|5
1596|45|31|gate|E
1597|46|31|gate|E
1598|47|31|wall|E
1599|48|31|gate|7
1600|49|31|gate|9
1601|0|32|gate|B
1602|1|32|gate|8
1603|2|32|gate|7
1604|3|32|wall|8
1605|4|32|gate|D
1606|5|32|wall|5
1607|6|32|gate|0
1608|7|32|wall|8
1609|8|32|wall|5
1610|9|32|gate|E
1611|10|32|gate|5
1612|11|32|wall|B
1613|12|32|gate|E
1614|13|32|gate|4
1615|14|32|wall|4
1616|15|32|wall|0
1617|16|32|gate|F
1618|17|32|gate|C
1619|18|32|wall|3
1620|19|32|gate|B
1621|20|32|gate|C
1622|21|32|gate|0
1623|22|32|wall|3
1624|23|32|wall|4
1625|24|32|wall|F
1626|25|32|gate|9
1627|26|32|wall|7
1628|27|32|wall|E
1629|28|32|wall|9
1630|29|32|wall|A
1631|30|32|gate|7
1632|31|32|gate|0
1633|32|32|wall|4
1634|33|32|gate|5
1635|34|32|gate|4
1636|35|32|wall|8
1637|36|32|gate|1
1638|37|32|gate|C
1639|38|32|wall|3
1640|39|32|wall|9
1641|40|32|gate|9
1642|41|32|gate|2
1643|42|32|gate|B
1644|43|32|wall|9
1645|44|32|gate|9
1646|45|32|wall|3
1647|46|32|gate|1
1648|47|32|wall|9
1649|48|32|wall|4
1650|49|32|gate|A
1651|0|33|gate|B
1652|1|33|wall|E
1653|2|33|gate|F
1654|3|33|gate|5
1655|4|33|gate|0
1656|5|33|wall|6
1657|6|33|gate|B
1658|7|33|gate|D
1659|8|33|gate|3
1660|9|33|wall|4
1661|10|33|gate|F
1662|11|33|gate|2
1663|12|33|wall|C
1664|13|33|gate|E
1665|14|33|gate|F
1666|15|33|gate|5
1667|16|33|wall|0
1668|17|33|gate|C
1669|18|33|wall|C
1670|19|33|gate|7
1671|20|33|wall|1
1672|21|33|wall|F
1673|22|33|gate|0
1674|23|33|gate|2
1675|24|33|gate|B
1676|25|33|gate|6
1677|26|33|gate|E
1678|27|33|gate|B
1679|28|33|gate|A
1680|29|33|wall|F
1681|30|33|wall|F
1682|31|33|gate|E
1683|32|33|gate|F
1684|33|33|wall|F
1685|34|33|gate|2
1686|35|33|wall|A
1687|36|33|wall|2
1688|37|33|wall|D
1689|38|33|wall|1
1690|39|33|gate|1
1691|40|33|wall|4
1692|41|33|gate|5
1693|42|33|wall|D
1694|43|33|wall|7
1695|44|33|gate|1
1696|45|33|wall|2
1697|46|33|gate|5
1698|47|33|gate|B
1699|48|33|wall|0
1700|49|33|gate|0
1701|0|34|gate|C
1702|1|34|gate|1
1703|2|34|wall|3
1704|3|34|gate|0
1705|4|34|wall|C
1706|5|34|wall|0
1707|6|34|gate|3
1708|7|34|wall|9
1709|8|34|wall|3
1710|9|34|gate|4
1711|10|34|wall|C
1712|11|34|gate|6
1713|12|34|gate|9
1714|13|34|wall|1
1715|14|34|wall|D
1716|15|34|gate|A
1717|16|34|wall|3
1718|17|34|wall|E
1719|18|34|wall|3
1720|19|34|gate|8
1721|20|34|wall|B
1722|21|34|gate|6
1723|22|34|gate|5
1724|23|34|wall|E
1725|24|34|wall|7
1726|25|34|wall|A
1727|26|34|wall|4
1728|27|34|wall|8
1729|28|34|gate|4
1730|29|34|gate|7
1731|30|34|wall|8
1732|31|34|wall|3
1733|32|34|gate|8
1734|33|34|wall|3
1735|34|34|gate|F
1736|35|34|gate|A
1737|36|34|gate|5
1738|37|34|gate|9
1739|38|34|gate|6
1740|39|34|gate|F
1741|40|34|gate|B
1742|41|34|gate|B
1743|42|34|wall|6
1744|43|34|gate|9
1745|44|34|gate|F
1746|45|34|wall|D
1747|46|34|gate|B
1748|47|34|wall|4
1749|48|34|gate|2
1750|49|34|gate|6
1751|0|35|wall|1
1752|1|35|gate|0
1753|2|35|gate|A
1754|3|35|wall|A
1755|4|35|gate|3
1756|5|35|gate|D
1757|6|35|gate|5
1758|7|35|wall|4
1759|8|35|gate|A
1760|9|35|gate|A
1761|10|35|gate|6
1762|11|35|wall|7
1763|12|35|gate|C
1764|13|35|gate|6
1765|14|35|wall|9
1766|15|35|gate|A
1767|16|35|gate|5
1768|17|35|gate|3
1769|18|35|gate|6
1770|19|35|gate|B
1771|20|35|wall|5
1772|21|35|gate|A
1773|22|35|wall|2
1774|23|35|gate|9
1775|24|35|gate|0
1776|25|35|gate|7
1777|26|35|gate|0
1778|27|35|wall|E
1779|28|35|wall|5
1780|29|35|gate|0
1781|30|35|gate|0
1782|31|35|wall|3
1783|32|35|gate|E
1784|33|35|gate|F
1785|34|35|wall|1
1786|35|35|gate|7
1787|36|35|wall|0
1788|37|35|wall|B
1789|38|35|gate|0
1790|39|35|wall|0
1791|40|35|wall|0
1792|41|35|wall|5
1793|42|35|gate|7
1794|43|35|gate|F
1795|44|35|wall|8
1796|45|35|wall|8
1797|46|35|gate|7
1798|47|35|wall|8
1799|48|35|gate|2
1800|49|35|wall|5
1801|0|36|gate|4
1802|1|36|wall|0
1803|2|36|gate|9
1804|3|36|gate|B
1805|4|36|gate|B
1806|5|36|wall|3
1807|6|36|wall|F
1808|7|36|gate|4
1809|8|36|gate|8
1810|9|36|wall|7
1811|10|36|gate|9
1812|11|36|wall|7
1813|12|36|gate|8
1814|13|36|wall|9
1815|14|36|gate|F
1816|15|36|wall|A
1817|16|36|wall|3
1818|17|36|wall|A
1819|18|36|gate|C
1820|19|36|wall|8
1821|20|36|gate|E
1822|21|36|gate|B
1823|22|36|gate|5
1824|23|36|wall|2
1825|24|36|gate|6
1826|25|36|wall|3
1827|26|36|gate|1
1828|27|36|gate|5
1829|28|36|gate|0
1830|29|36|wall|5
1831|30|36|gate|0
1832|31|36|gate|3
1833|32|36|wall|F
1834|33|36|gate|A
1835|34|36|wall|A
1836|35|36|wall|A
1837|36|36|gate|0
1838|37|36|gate|4
1839|38|36|wall|9
1840|39|36|gate|F
1841|40|36|gate|6
1842|41|36|gate|A
1843|42|36|wall|B
1844|43|36|gate|9
1845|44|36|gate|8
1846|45|36|gate|5
1847|46|36|gate|F
1848|47|36|wall|4
1849|48|36|gate|C
1850|49|36|gate|A
1851|0|37|gate|B
1852|1|37|gate|5
1853|2|37|wall|3
1854|3|37|wall|E
1855|4|37|wall|5
1856|5|37|gate|5
1857|6|37|gate|2
1858|7|37|gate|E
1859|8|37|wall|1
1860|9|37|gate|C
1861|10|37|gate|7
1862|11|37|wall|2
1863|12|37|gate|0
1864|13|37|gate|6
1865|14|37|gate|E
1866|15|37|gate|5
1867|16|37|gate|F
1868|17|37|gate|9
1869|18|37|wall|1
1870|19|37|gate|2
1871|20|37|wall|8
1872|21|37|gate|2
1873|22|37|wall|A
1874|23|37|gate|3
1875|24|37|gate|1
1876|25|37|wall|2
1877|26|37|wall|2
1878|27|37|wall|6
1879|28|37|gate|5
1880|29|37|gate|C
1881|30|37|gate|2
1882|31|37|wall|0
1883|32|37|wall|B
1884|33|37|gate|7
1885|34|37|gate|1
1886|35|37|gate|E
1887|36|37|gate|E
1888|37|37|wall|A
1889|38|37|gate|1
1890|39|37|gate|2
1891|40|37|wall|0
1892|41|37|gate|8
1893|42|37|gate|2
1894|43|37|gate|D
1895|44|37|wall|E
1896|45|37|wall|5
1897|46|37|wall|1
1898|47|37|wall|3
1899|48|37|gate|3
1900|49|37|wall|E
1901|0|38|gate|E
1902|1|38|wall|F
1903|2|38|gate|A
1904|3|38|gate|7
1905|4|38|wall|7
1906|5|38|gate|9
1907|6|38|wall|9
1908|7|38|gate|7
1909|8|38|gate|E
1910|9|38|wall|2
1911|10|38|gate|3
1912|11|38|gate|0
1913|12|38|wall|C
1914|13|38|wall|F
1915|14|38|wall|6
1916|15|38|wall|E
1917|16|38|wall|2
1918|17|38|gate|E
1919|18|38|wall|0
1920|19|38|gate|B
1921|20|38|wall|6
1922|21|38|gate|A
1923|22|38|wall|1
1924|23|38|gate|C
1925|24|38|wall|3
1926|25|38|gate|2
1927|26|38|gate|0
1928|27|38|wall|A
1929|28|38|wall|2
1930|29|38|wall|7
1931|30|38|gate|4
1932|31|38|gate|5
1933|32|38|gate|5
1934|33|38|wall|A
1935|34|38|wall|1
1936|35|38|gate|5
1937|36|38|wall|E
1938|37|38|gate|D
1939|38|38|wall|2
1940|39|38|gate|0
1941|40|38|gate|F
1942|41|38|wall|1
1943|42|38|wall|6
1944|43|38|wall|0
1945|44|38|gate|C
1946|45|38|gate|F
1947|46|38|gate|1
1948|47|38|gate|5
1949|48|38|gate|2
1950|49|38|gate|F
1951|0|39|gate|9
1952|1|39|gate|5
1953|2|39|wall|3
1954|3|39|gate|5
1955|4|39|gate|4
1956|5|39|gate|1
1957|6|39|gate|B
1958|7|39|wall|D
1959|8|39|gate|6
1960|9|39|gate|1
1961|10|39|wall|7
1962|11|39|gate|4
1963|12|39|wall|8
1964|13|39|gate|C
1965|14|39|gate|6
1966|15|39|gate|2
1967|16|39|gate|0
1968|17|39|gate|6
1969|18|39|wall|2
1970|19|39|gate|F
1971|20|39|gate|2
1972|21|39|gate|8
1973|22|39|wall|F
1974|23|39|gate|4
1975|24|39|gate|E
1976|25|39|wall|F
1977|26|39|gate|6
1978|27|39|gate|7
1979|28|39|gate|B
1980|29|39|gate|B
1981|30|39|wall|4
1982|31|39|gate|9
1983|32|39|wall|2
1984|33|39|gate|4
1985|34|39|wall|D
1986|35|39|gate|3
1987|36|39|gate|5
1988|37|39|gate|0
1989|38|39|wall|8
1990|39|39|wall|A
1991|40|39|gate|7
1992|41|39|wall|B
1993|42|39|gate|B
1994|43|39|gate|7
1995|44|39|gate|B
1996|45|39|wall|A
1997|46|39|wall|F
1998|47|39|gate|0
1999|48|39|wall|F
2000|49|39|gate|0
2001|0|40|gate|7
2002|1|40|wall|9
2003|2|40|wall|2
2004|3|40|gate|7
2005|4|40|wall|B
2006|5|40|gate|1
2007|6|40|wall|9
2008|7|40|gate|0
2009|8|40|gate|8
2010|9|40|wall|E
2011|10|40|gate|5
2012|11|40|gate|0
2013|12|40|wall|C
2014|13|40|gate|9
2015|14|40|wall|A
2016|15|40|gate|E
2017|16|40|wall|3
2018|17|40|wall|E
2019|18|40|wall|8
2020|19|40|wall|B
2021|20|40|gate|B
2022|21|40|wall|B
2023|22|40|gate|3
2024|23|40|gate|2
2025|24|40|wall|C
2026|25|40|gate|9
2027|26|40|gate|C
2028|27|40|wall|E
2029|28|40|gate|5
2030|29|40|wall|0
2031|30|40|wall|8
2032|31|40|gate|7
2033|32|40|gate|F
2034|33|40|gate|9
2035|34|40|wall|5
2036|35|40|gate|1
2037|36|40|wall|A
2038|37|40|wall|1
2039|38|40|gate|6
2040|39|40|gate|7
2041|40|40|gate|4
2042|41|40|wall|5
2043|42|40|gate|C
2044|43|40|wall|2
2045|44|40|gate|5
2046|45|40|wall|8
2047|46|40|wall|B
2048|47|40|gate|A
2049|48|40|gate|5
2050|49|40|wall|F
2051|0|41|gate|9
2052|1|41|gate|2
2053|2|41|gate|8
2054|3|41|gate|6
2055|4|41|wall|0
2056|5|41|wall|0
2057|6|41|gate|9
2058|7|41|gate|C
2059|8|41|wall|2
2060|9|41|wall|1
2061|10|41|wall|1
2062|11|41|gate|D
2063|12|41|wall|4
2064|13|41|gate|5
2065|14|41|gate|E
2066|15|41|wall|A
2067|16|41|gate|F
2068|17|41|gate|4
2069|18|41|wall|B
2070|19|41|gate|C
2071|20|41|gate|3
2072|21|41|wall|3
2073|22|41|gate|6
2074|23|41|wall|1
2075|24|41|gate|B
2076|25|41|wall|2
2077|26|41|gate|B
2078|27|41|wall|8
2079|28|41|gate|D
2080|29|41|gate|7
2081|30|41|gate|7
2082|31|41|wall|E
2083|32|41|gate|6
2084|33|41|wall|6
2085|34|41|gate|2
2086|35|41|gate|D
2087|36|41|wall|3
2088|37|41|wall|6
2089|38|41|gate|1
2090|39|41|wall|4
2091|40|41|wall|5
2092|41|41|gate|A
2093|42|41|gate|A
2094|43|41|wall|3
2095|44|41|gate|C
2096|45|41|gate|6
2097|46|41|gate|D
2098|47|41|wall|3
2099|48|41|gate|5
2100|49|41|gate|8
2101|0|42|gate|A
2102|1|42|wall|4
2103|2|42|wall|4
2104|3|42|wall|4
2105|4|42|gate|1
2106|5|42|wall|E
2107|6|42|gate|0
2108|7|42|wall|D
2109|8|42|wall|F
2110|9|42|wall|4
2111|10|42|gate|7
2112|11|42|gate|4
2113|12|42|wall|5
2114|13|42|gate|4
2115|14|42|wall|6
2116|15|42|gate|5
2117|16|42|gate|1
2118|17|42|wall|C
2119|18|42|gate|D
2120|19|42|gate|6
2121|20|42|wall|F
2122|21|42|gate|C
2123|22|42|gate|0
2124|23|42|wall|4
2125|24|42|gate|F
2126|25|42|wall|F
2127|26|42|gate|E
2128|27|42|gate|7
2129|28|42|wall|B
2130|29|42|wall|B
2131|30|42|gate|C
2132|31|42|gate|7
2133|32|42|gate|F
2134|33|42|gate|C
2135|34|42|wall|D
2136|35|42|gate|E
2137|36|42|gate|7
2138|37|42|gate|E
2139|38|42|gate|5
2140|39|42|wall|C
2141|40|42|gate|8
2142|41|42|wall|5
2143|42|42|gate|B
2144|43|42|gate|C
2145|44|42|wall|C
2146|45|42|wall|9
2147|46|42|gate|B
2148|47|42|gate|5
2149|48|42|wall|3
2150|49|42|gate|1
2151|0|43|gate|1
2152|1|43|wall|1
2153|2|43|gate|6
2154|3|43|gate|4
2155|4|43|gate|0
2156|5|43|wall|2
2157|6|43|gate|D
2158|7|43|wall|1
2159|8|43|wall|5
2160|9|43|gate|2
2161|10|43|gate|2
2162|11|43|wall|7
2163|12|43|wall|6
2164|13|43|gate|A
2165|14|43|gate|0
2166|15|43|gate|C
2167|16|43|wall|F
2168|17|43|gate|F
2169|18|43|gate|5
2170|19|43|wall|3
2171|20|43|gate|1
2172|21|43|gate|F
2173|22|43|wall|8
2174|23|43|wall|1
2175|24|43|gate|1
2176|25|43|gate|1
2177|26|43|gate|2
2178|27|43|wall|5
2179|28|43|gate|C
2180|29|43|gate|5
2181|30|43|wall|3
2182|31|43|wall|1
2183|32|43|wall|7
2184|33|43|wall|A
2185|34|43|gate|B
2186|35|43|wall|F
2187|36|43|wall|A
2188|37|43|gate|8
2189|38|43|wall|D
2190|39|43|gate|3
2191|40|43|gate|9
2192|41|43|wall|F
2193|42|43|wall|3
2194|43|43|gate|D
2195|44|43|gate|4
2196|45|43|wall|4
2197|46|43|wall|7
2198|47|43|gate|7
2199|48|43|wall|7
2200|49|43|gate|B
2201|0|44|gate|B
2202|1|44|gate|F
2203|2|44|wall|6
2204|3|44|gate|5
2205|4|44|wall|D
2206|5|44|wall|3
2207|6|44|gate|7
2208|7|44|gate|1
2209|8|44|gate|9
2210|9|44|wall|F
2211|10|44|wall|1
2212|11|44|wall|7
2213|12|44|gate|5
2214|13|44|wall|5
2215|14|44|wall|1
2216|15|44|gate|D
2217|16|44|wall|7
2218|17|44|gate|E
2219|18|44|wall|D
2220|19|44|gate|1
2221|20|44|wall|C
2222|21|44|gate|6
2223|22|44|gate|9
2224|23|44|gate|B
2225|24|44|wall|5
2226|25|44|wall|1
2227|26|44|gate|5
2228|27|44|gate|C
2229|28|44|gate|D
2230|29|44|wall|2
2231|30|44|wall|E
2232|31|44|gate|C
2233|32|44|gate|F
2234|33|44|gate|C
2235|34|44|gate|4
2236|35|44|gate|B
2237|36|44|gate|A
2238|37|44|wall|5
2239|38|44|gate|C
2240|39|44|wall|F
2241|40|44|gate|7
2242|41|44|gate|A
2243|42|44|gate|3
2244|43|44|gate|5
2245|44|44|wall|3
2246|45|44|gate|C
2247|46|44|gate|A
2248|47|44|gate|1
2249|48|44|wall|9
2250|49|44|gate|E
2251|0|45|wall|9
2252|1|45|gate|0
2253|2|45|gate|9
2254|3|45|gate|1
2255|4|45|wall|6
2256|5|45|gate|3
2257|6|45|wall|F
2258|7|45|wall|F
2259|8|45|gate|2
2260|9|45|gate|D
2261|10|45|gate|B
2262|11|45|gate|9
2263|12|45|gate|1
2264|13|45|gate|F
2265|14|45|wall|7
2266|15|45|gate|F
2267|16|45|wall|3
2268|17|45|wall|7
2269|18|45|wall|2
2270|19|45|gate|C
2271|20|45|gate|6
2272|21|45|wall|C
2273|22|45|wall|3
2274|23|45|gate|2
2275|24|45|wall|1
2276|25|45|gate|5
2277|26|45|wall|A
2278|27|45|wall|3
2279|28|45|gate|2
2280|29|45|wall|D
2281|30|45|gate|7
2282|31|45|gate|9
2283|32|45|wall|6
2284|33|45|wall|0
2285|34|45|wall|4
2286|35|45|wall|2
2287|36|45|gate|8
2288|37|45|gate|B
2289|38|45|gate|1
2290|39|45|wall|2
2291|40|45|gate|8
2292|41|45|wall|2
2293|42|45|gate|B
2294|43|45|wall|2
2295|44|45|gate|8
2296|45|45|gate|3
2297|46|45|wall|2
2298|47|45|wall|4
2299|48|45|wall|0
2300|49|45|gate|C
2301|0|46|gate|F
2302|1|46|wall|1
2303|2|46|wall|3
2304|3|46|gate|6
2305|4|46|wall|A
2306|5|46|gate|D
2307|6|46|wall|A
2308|7|46|gate|5
2309|8|46|wall|8
2310|9|46|wall|D
2311|10|46|gate|5
2312|11|46|wall|6
2313|12|46|wall|B
2314|13|46|gate|6
2315|14|46|wall|E
2316|15|46|gate|9
2317|16|46|gate|C
2318|17|46|gate|7
2319|18|46|gate|9
2320|19|46|gate|7
2321|20|46|wall|9
2322|21|46|gate|0
2323|22|46|gate|6
2324|23|46|gate|0
2325|24|46|wall|E
2326|25|46|gate|E
2327|26|46|wall|9
2328|27|46|gate|7
2329|28|46|gate|B
2330|29|46|wall|4
2331|30|46|gate|B
2332|31|46|wall|2
2333|32|46|gate|5
2334|33|46|gate|8
2335|34|46|gate|5
2336|35|46|gate|8
2337|36|46|wall|0
2338|37|46|wall|0
2339|38|46|gate|1
2340|39|46|gate|F
2341|40|46|wall|C
2342|41|46|wall|3
2343|42|46|gate|1
2344|43|46|gate|C
2345|44|46|wall|D
2346|45|46|gate|A
2347|46|46|gate|4
2348|47|46|gate|5
2349|48|46|gate|5
2350|49|46|wall|2
2351|0|47|gate|6
2352|1|47|gate|C
2353|2|47|wall|6
2354|3|47|gate|8
2355|4|47|wall|F
2356|5|47|gate|9
2357|6|47|gate|B
2358|7|47|gate|F
2359|8|47|gate|9
2360|9|47|wall|7
2361|10|47|gate|E
2362|11|47|wall|D
2363|12|47|gate|C
2364|13|47|gate|5
2365|14|47|gate|D
2366|15|47|wall|F
2367|16|47|wall|4
2368|17|47|wall|E
2369|18|47|wall|4
2370|19|47|gate|9
2371|20|47|wall|2
2372|21|47|gate|6
2373|22|47|wall|0
2374|23|47|wall|3
2375|24|47|gate|B
2376|25|47|gate|1
2377|26|47|gate|6
2378|27|47|gate|0
2379|28|47|wall|E
2380|29|47|gate|2
2381|30|47|gate|1
2382|31|47|gate|A
2383|32|47|wall|1
2384|33|47|wall|9
2385|34|47|gate|C
2386|35|47|wall|2
2387|36|47|wall|7
2388|37|47|wall|D
2389|38|47|wall|D
2390|39|47|gate|8
2391|40|47|wall|8
2392|41|47|gate|0
2393|42|47|gate|B
2394|43|47|wall|1
2395|44|47|gate|2
2396|45|47|wall|A
2397|46|47|gate|F
2398|47|47|wall|4
2399|48|47|gate|2
2400|49|47|gate|8
2401|0|48|gate|9
2402|1|48|wall|3
2403|2|48|wall|C
2404|3|48|gate|2
2405|4|48|wall|3
2406|5|48|wall|0
2407|6|48|wall|3
2408|7|48|wall|4
2409|8|48|gate|4
2410|9|48|wall|1
2411|10|48|gate|8
2412|11|48|wall|D
2413|12|48|wall|C
2414|13|48|wall|B
2415|14|48|wall|4
2416|15|48|wall|4
2417|16|48|gate|3
2418|17|48|gate|1
2419|18|48|gate|0
2420|19|48|gate|5
2421|20|48|gate|3
2422|21|48|gate|3
2423|22|48|wall|D
2424|23|48|gate|0
2425|24|48|wall|4
2426|25|48|wall|9
2427|26|48|gate|A
2428|27|48|wall|D
2429|28|48|gate|2
2430|29|48|wall|F
2431|30|48|wall|F
2432|31|48|gate|4
2433|32|48|wall|D
2434|33|48|gate|E
2435|34|48|gate|D
2436|35|48|gate|E
2437|36|48|wall|E
2438|37|48|wall|2
2439|38|48|gate|9
2440|39|48|gate|0
2441|40|48|gate|0
2442|41|48|wall|9
2443|42|48|wall|2
2444|43|48|gate|1
2445|44|48|gate|4
2446|45|48|gate|D
2447|46|48|wall|A
2448|47|48|wall|7
2449|48|48|gate|B
2450|49|48|wall|5
2451|0|49|gate|2
2452|1|49|gate|9
2453|2|49|gate|B
2454|3|49|gate|7
2455|4|49|gate|9
2456|5|49|gate|7
2457|6|49|gate|C
2458|7|49|gate|A
2459|8|49|gate|A
2460|9|49|wall|3
2461|10|49|gate|E
2462|11|49|gate|B
2463|12|49|gate|4
2464|13|49|gate|A
2465|14|49|gate|C
2466|15|49|gate|1
2467|16|49|gate|5
2468|17|49|wall|6
2469|18|49|gate|5
2470|19|49|wall|4
2471|20|49|gate|9
2472|21|49|wall|2
2473|22|49|gate|8
2474|23|49|gate|3
2475|24|49|gate|E
2476|25|49|gate|0
2477|26|49|gate|4
2478|27|49|gate|1
2479|28|49|gate|D
2480|29|49|gate|A
2481|30|49|gate|3
2482|31|49|gate|2
2483|32|49|wall|0
2484|33|49|gate|7
2485|34|49|wall|F
2486|35|49|gate|9
2487|36|49|gate|5
2488|37|49|gate|6
2489|38|49|gate|B
2490|39|49|wall|9
2491|40|49|gate|5
2492|41|49|gate|9
2493|42|49|gate|3
2494|43|49|gate|5
2495|44|49|wall|9
2496|45|49|gate|2
2497|46|49|gate|7
2498|47|49|gate|7
2499|48|49|gate|5
2500|49|49|gate|4
