12000 [128, 63, 244, 53, 73, 47, 174, 121, 63, 120, 186, 97, 127, 211, 117, 145]
12001 [162, 129, 160, 200, 249, 123, 36, 82, 91, 36, 79, 181, 20, 142, 182, 72]
12002 [162, 129, 160, 200, 249, 123, 36, 82, 91, 36, 79, 181, 20, 142, 182, 72]
12003 [162, 129, 160, 200, 249, 123, 36, 82, 91, 36, 79, 181, 20, 142, 182, 72]
12005 [77, 37, 177, 149, 112, 50, 235, 235, 24, 9, 27, 216, 200, 94, 13, 182]
12006 [77, 37, 177, 149, 112, 50, 235, 235, 24, 9, 27, 216, 200, 94, 13, 182]
12007 [77, 37, 177, 149, 112, 50, 235, 235, 24, 9, 27, 216, 200, 94, 13, 182]
12009 [252, 36, 157, 89, 152, 93, 162, 188, 183, 162, 235, 139, 84, 204, 0, 78]
12010 [252, 36, 157, 89, 152, 93, 162, 188, 183, 162, 235, 139, 84, 204, 0, 78]
12011 [252, 36, 157, 89, 152, 93, 162, 188, 183, 162, 235, 139, 84, 204, 0, 78]
12012 [248, 112, 29, 172, 141, 90, 178, 225, 243, 226, 245, 61, 16, 221, 159, 92]
12013 [248, 112, 29, 172, 141, 90, 178, 225, 243, 226, 245, 61, 16, 221, 159, 92]
12014 [248, 112, 29, 172, 141, 90, 178, 225, 243, 226, 245, 61, 16, 221, 159, 92]
12015 [248, 112, 29, 172, 141, 90, 178, 225, 243, 226, 245, 61, 16, 221, 159, 92]
12016 [209, 244, 107, 79, 30, 204, 78, 100, 219, 74, 64, 59, 111, 65, 206, 167]
12017 [209, 244, 107, 79, 30, 204, 78, 100, 219, 74, 64, 59, 111, 65, 206, 167]
12018 [209, 244, 107, 79, 30, 204, 78, 100, 219, 74, 64, 59, 111, 65, 206, 167]
12020 [113, 15, 233, 154, 125, 32, 165, 142, 121, 153, 137, 220, 41, 29, 64, 70]
12021 [113, 15, 233, 154, 125, 32, 165, 142, 121, 153, 137, 220, 41, 29, 64, 70]
12022 [113, 15, 233, 154, 125, 32, 165, 142, 121, 153, 137, 220, 41, 29, 64, 70]
12024 [220, 147, 243, 61, 121, 85, 94, 93, 177, 108, 24, 255, 52, 203, 2, 130]
12025 [220, 147, 243, 61, 121, 85, 94, 93, 177, 108, 24, 255, 52, 203, 2, 130]
12026 [220, 147, 243, 61, 121, 85, 94, 93, 177, 108, 24, 255, 52, 203, 2, 130]
12028 [13, 84, 81, 105, 221, 129, 100, 51, 223, 112, 127, 206, 54, 64, 161, 86]
12029 [13, 84, 81, 105, 221, 129, 100, 51, 223, 112, 127, 206, 54, 64, 161, 86]
12030 [13, 84, 81, 105, 221, 129, 100, 51, 223, 112, 127, 206, 54, 64, 161, 86]
12031 [143, 178, 167, 222, 152, 83, 120, 62, 213, 236, 241, 253, 169, 4, 9, 227]
12032 [143, 178, 167, 222, 152, 83, 120, 62, 213, 236, 241, 253, 169, 4, 9, 227]
12033 [143, 178, 167, 222, 152, 83, 120, 62, 213, 236, 241, 253, 169, 4, 9, 227]
12034 [143, 178, 167, 222, 152, 83, 120, 62, 213, 236, 241, 253, 169, 4, 9, 227]
12035 [0, 177, 87, 173, 200, 162, 229, 234, 171, 25, 171, 128, 88, 223, 39, 209]
12036 [0, 177, 87, 173, 200, 162, 229, 234, 171, 25, 171, 128, 88, 223, 39, 209]
12037 [0, 177, 87, 173, 200, 162, 229, 234, 171, 25, 171, 128, 88, 223, 39, 209]
12039 [154, 248, 75, 245, 22, 47, 181, 203, 103, 6, 177, 232, 5, 148, 218, 192]
12040 [154, 248, 75, 245, 22, 47, 181, 203, 103, 6, 177, 232, 5, 148, 218, 192]
12041 [154, 248, 75, 245, 22, 47, 181, 203, 103, 6, 177, 232, 5, 148, 218, 192]
12043 [242, 18, 226, 113, 74, 140, 16, 17, 209, 120, 12, 80, 204, 218, 39, 107]
12044 [242, 18, 226, 113, 74, 140, 16, 17, 209, 120, 12, 80, 204, 218, 39, 107]
12045 [242, 18, 226, 113, 74, 140, 16, 17, 209, 120, 12, 80, 204, 218, 39, 107]
12047 [137, 99, 228, 128, 184, 135, 66, 106, 188, 197, 202, 14, 181, 32, 172, 114]
12048 [137, 99, 228, 128, 184, 135, 66, 106, 188, 197, 202, 14, 181, 32, 172, 114]
12049 [137, 99, 228, 128, 184, 135, 66, 106, 188, 197, 202, 14, 181, 32, 172, 114]
12050 [128, 16, 69, 36, 34, 116, 233, 171, 142, 89, 187, 187, 35, 117, 162, 116]
12051 [128, 16, 69, 36, 34, 116, 233, 171, 142, 89, 187, 187, 35, 117, 162, 116]
12052 [128, 16, 69, 36, 34, 116, 233, 171, 142, 89, 187, 187, 35, 117, 162, 116]
12054 [8, 183, 223, 135, 86, 233, 136, 163, 74, 86, 35, 145, 241, 146, 116, 174]
12055 [8, 183, 223, 135, 86, 233, 136, 163, 74, 86, 35, 145, 241, 146, 116, 174]
12056 [8, 183, 223, 135, 86, 233, 136, 163, 74, 86, 35, 145, 241, 146, 116, 174]
12058 [33, 143, 248, 152, 243, 108, 54, 176, 14, 153, 173, 13, 116, 94, 103, 242]
12059 [33, 143, 248, 152, 243, 108, 54, 176, 14, 153, 173, 13, 116, 94, 103, 242]
12060 [33, 143, 248, 152, 243, 108, 54, 176, 14, 153, 173, 13, 116, 94, 103, 242]
12062 [94, 254, 52, 213, 111, 48, 228, 28, 171, 249, 53, 219, 142, 49, 235, 192]
12063 [94, 254, 52, 213, 111, 48, 228, 28, 171, 249, 53, 219, 142, 49, 235, 192]
12064 [94, 254, 52, 213, 111, 48, 228, 28, 171, 249, 53, 219, 142, 49, 235, 192]
12065 [83, 238, 182, 226, 209, 205, 25, 101, 45, 90, 221, 163, 57, 233, 225, 158]
12066 [83, 238, 182, 226, 209, 205, 25, 101, 45, 90, 221, 163, 57, 233, 225, 158]
12067 [83, 238, 182, 226, 209, 205, 25, 101, 45, 90, 221, 163, 57, 233, 225, 158]
12068 [83, 238, 182, 226, 209, 205, 25, 101, 45, 90, 221, 163, 57, 233, 225, 158]
12069 [247, 81, 69, 36, 161, 23, 227, 236, 123, 37, 8, 219, 76, 39, 171, 14]
12070 [247, 81, 69, 36, 161, 23, 227, 236, 123, 37, 8, 219, 76, 39, 171, 14]
12071 [247, 81, 69, 36, 161, 23, 227, 236, 123, 37, 8, 219, 76, 39, 171, 14]
12073 [104, 104, 102, 221, 173, 200, 157, 96, 32, 242, 115, 89, 59, 245, 70, 234]
12074 [104, 104, 102, 221, 173, 200, 157, 96, 32, 242, 115, 89, 59, 245, 70, 234]
12075 [104, 104, 102, 221, 173, 200, 157, 96, 32, 242, 115, 89, 59, 245, 70, 234]
12077 [137, 39, 240, 179, 249, 143, 171, 130, 174, 15, 71, 102, 240, 45, 234, 142]
12078 [137, 39, 240, 179, 249, 143, 171, 130, 174, 15, 71, 102, 240, 45, 234, 142]
12079 [137, 39, 240, 179, 249, 143, 171, 130, 174, 15, 71, 102, 240, 45, 234, 142]
12081 [232, 190, 42, 163, 182, 178, 215, 238, 159, 195, 195, 92, 237, 251, 54, 171]
12082 [232, 190, 42, 163, 182, 178, 215, 238, 159, 195, 195, 92, 237, 251, 54, 171]
12083 [232, 190, 42, 163, 182, 178, 215, 238, 159, 195, 195, 92, 237, 251, 54, 171]
12084 [226, 2, 157, 96, 129, 238, 106, 29, 241, 138, 253, 120, 138, 5, 237, 155]
12085 [226, 2, 157, 96, 129, 238, 106, 29, 241, 138, 253, 120, 138, 5, 237, 155]
12086 [226, 2, 157, 96, 129, 238, 106, 29, 241, 138, 253, 120, 138, 5, 237, 155]
12087 [226, 2, 157, 96, 129, 238, 106, 29, 241, 138, 253, 120, 138, 5, 237, 155]
12088 [82, 44, 124, 152, 47, 198, 153, 237, 203, 125, 182, 242, 183, 164, 213, 117]
12089 [82, 44, 124, 152, 47, 198, 153, 237, 203, 125, 182, 242, 183, 164, 213, 117]
12090 [82, 44, 124, 152, 47, 198, 153, 237, 203, 125, 182, 242, 183, 164, 213, 117]
12092 [210, 58, 95, 153, 136, 205, 247, 168, 130, 183, 69, 131, 19, 158, 155, 246]
12093 [210, 58, 95, 153, 136, 205, 247, 168, 130, 183, 69, 131, 19, 158, 155, 246]
12094 [210, 58, 95, 153, 136, 205, 247, 168, 130, 183, 69, 131, 19, 158, 155, 246]
12096 [222, 120, 66, 1, 230, 242, 169, 164, 234, 8, 152, 114, 107, 192, 13, 50]
12097 [222, 120, 66, 1, 230, 242, 169, 164, 234, 8, 152, 114, 107, 192, 13, 50]
12098 [222, 120, 66, 1, 230, 242, 169, 164, 234, 8, 152, 114, 107, 192, 13, 50]
12099 [188, 231, 97, 168, 146, 9, 106, 117, 106, 23, 118, 80, 2, 57, 6, 244]
12100 [188, 231, 97, 168, 146, 9, 106, 117, 106, 23, 118, 80, 2, 57, 6, 244]
12101 [188, 231, 97, 168, 146, 9, 106, 117, 106, 23, 118, 80, 2, 57, 6, 244]
12102 [188, 231, 97, 168, 146, 9, 106, 117, 106, 23, 118, 80, 2, 57, 6, 244]
12103 [181, 46, 57, 10, 111, 77, 102, 157, 86, 45, 167, 98, 121, 141, 236, 192]
12104 [181, 46, 57, 10, 111, 77, 102, 157, 86, 45, 167, 98, 121, 141, 236, 192]
12105 [181, 46, 57, 10, 111, 77, 102, 157, 86, 45, 167, 98, 121, 141, 236, 192]
12106 [181, 46, 57, 10, 111, 77, 102, 157, 86, 45, 167, 98, 121, 141, 236, 192]
12108 [157, 67, 31, 219, 43, 149, 123, 136, 253, 252, 101, 171, 251, 68, 196, 220]
12109 [157, 67, 31, 219, 43, 149, 123, 136, 253, 252, 101, 171, 251, 68, 196, 220]
12110 [157, 67, 31, 219, 43, 149, 123, 136, 253, 252, 101, 171, 251, 68, 196, 220]
12112 [138, 240, 5, 247, 211, 123, 27, 25, 38, 154, 126, 239, 2, 39, 114, 125]
12113 [138, 240, 5, 247, 211, 123, 27, 25, 38, 154, 126, 239, 2, 39, 114, 125]
12114 [138, 240, 5, 247, 211, 123, 27, 25, 38, 154, 126, 239, 2, 39, 114, 125]
12116 [46, 126, 95, 142, 239, 222, 193, 22, 198, 118, 103, 175, 253, 1, 103, 55]
12117 [46, 126, 95, 142, 239, 222, 193, 22, 198, 118, 103, 175, 253, 1, 103, 55]
12118 [46, 126, 95, 142, 239, 222, 193, 22, 198, 118, 103, 175, 253, 1, 103, 55]
12119 [163, 106, 53, 238, 254, 82, 35, 3, 186, 156, 234, 244, 233, 71, 113, 159]
12120 [163, 106, 53, 238, 254, 82, 35, 3, 186, 156, 234, 244, 233, 71, 113, 159]
12121 [163, 106, 53, 238, 254, 82, 35, 3, 186, 156, 234, 244, 233, 71, 113, 159]
12122 [163, 106, 53, 238, 254, 82, 35, 3, 186, 156, 234, 244, 233, 71, 113, 159]
12123 [99, 11, 212, 236, 184, 165, 195, 253, 69, 57, 30, 164, 108, 52, 245, 115]
12124 [99, 11, 212, 236, 184, 165, 195, 253, 69, 57, 30, 164, 108, 52, 245, 115]
12125 [99, 11, 212, 236, 184, 165, 195, 253, 69, 57, 30, 164, 108, 52, 245, 115]
12127 [254, 213, 141, 106, 214, 20, 60, 207, 35, 155, 40, 191, 111, 60, 145, 45]
12128 [254, 213, 141, 106, 214, 20, 60, 207, 35, 155, 40, 191, 111, 60, 145, 45]
12129 [254, 213, 141, 106, 214, 20, 60, 207, 35, 155, 40, 191, 111, 60, 145, 45]
12131 [73, 137, 124, 121, 251, 196, 118, 232, 143, 201, 105, 128, 148, 80, 46, 102]
12132 [73, 137, 124, 121, 251, 196, 118, 232, 143, 201, 105, 128, 148, 80, 46, 102]
12133 [73, 137, 124, 121, 251, 196, 118, 232, 143, 201, 105, 128, 148, 80, 46, 102]
12134 [141, 187, 211, 46, 227, 204, 84, 190, 17, 30, 106, 247, 113, 115, 119, 87]
12135 [141, 187, 211, 46, 227, 204, 84, 190, 17, 30, 106, 247, 113, 115, 119, 87]
12136 [141, 187, 211, 46, 227, 204, 84, 190, 17, 30, 106, 247, 113, 115, 119, 87]
12137 [141, 187, 211, 46, 227, 204, 84, 190, 17, 30, 106, 247, 113, 115, 119, 87]
12138 [223, 228, 5, 118, 11, 7, 184, 9, 154, 131, 97, 142, 199, 160, 49, 39]
12139 [223, 228, 5, 118, 11, 7, 184, 9, 154, 131, 97, 142, 199, 160, 49, 39]
12140 [223, 228, 5, 118, 11, 7, 184, 9, 154, 131, 97, 142, 199, 160, 49, 39]
12142 [59, 174, 138, 164, 245, 117, 3, 19, 137, 245, 224, 63, 98, 252, 1, 41]
12143 [59, 174, 138, 164, 245, 117, 3, 19, 137, 245, 224, 63, 98, 252, 1, 41]
12144 [59, 174, 138, 164, 245, 117, 3, 19, 137, 245, 224, 63, 98, 252, 1, 41]
12146 [35, 146, 67, 93, 45, 255, 198, 71, 90, 109, 95, 124, 33, 19, 143, 160]
12147 [35, 146, 67, 93, 45, 255, 198, 71, 90, 109, 95, 124, 33, 19, 143, 160]
12148 [35, 146, 67, 93, 45, 255, 198, 71, 90, 109, 95, 124, 33, 19, 143, 160]
12150 [241, 122, 128, 248, 23, 252, 130, 3, 56, 76, 110, 236, 102, 33, 219, 183]
12151 [241, 122, 128, 248, 23, 252, 130, 3, 56, 76, 110, 236, 102, 33, 219, 183]
12152 [241, 122, 128, 248, 23, 252, 130, 3, 56, 76, 110, 236, 102, 33, 219, 183]
12153 [248, 112, 140, 227, 161, 20, 61, 116, 224, 9, 136, 72, 236, 211, 130, 184]
12154 [248, 112, 140, 227, 161, 20, 61, 116, 224, 9, 136, 72, 236, 211, 130, 184]
12155 [248, 112, 140, 227, 161, 20, 61, 116, 224, 9, 136, 72, 236, 211, 130, 184]
12156 [248, 112, 140, 227, 161, 20, 61, 116, 224, 9, 136, 72, 236, 211, 130, 184]
12157 [91, 194, 102, 88, 4, 1, 42, 122, 157, 142, 180, 5, 169, 31, 199, 104]
12158 [91, 194, 102, 88, 4, 1, 42, 122, 157, 142, 180, 5, 169, 31, 199, 104]
12159 [91, 194, 102, 88, 4, 1, 42, 122, 157, 142, 180, 5, 169, 31, 199, 104]
12161 [123, 81, 116, 94, 72, 48, 201, 86, 207, 36, 129, 62, 132, 225, 97, 164]
12162 [123, 81, 116, 94, 72, 48, 201, 86, 207, 36, 129, 62, 132, 225, 97, 164]
12163 [123, 81, 116, 94, 72, 48, 201, 86, 207, 36, 129, 62, 132, 225, 97, 164]
12165 [76, 188, 233, 55, 29, 194, 26, 128, 143, 191, 10, 151, 112, 191, 169, 155]
12166 [76, 188, 233, 55, 29, 194, 26, 128, 143, 191, 10, 151, 112, 191, 169, 155]
12167 [76, 188, 233, 55, 29, 194, 26, 128, 143, 191, 10, 151, 112, 191, 169, 155]
12169 [225, 243, 205, 215, 6, 213, 121, 12, 25, 242, 167, 194, 67, 183, 228, 53]
12170 [225, 243, 205, 215, 6, 213, 121, 12, 25, 242, 167, 194, 67, 183, 228, 53]
12171 [225, 243, 205, 215, 6, 213, 121, 12, 25, 242, 167, 194, 67, 183, 228, 53]
12172 [233, 35, 161, 213, 88, 248, 128, 212, 75, 222, 65, 4, 108, 227, 201, 18]
12173 [233, 35, 161, 213, 88, 248, 128, 212, 75, 222, 65, 4, 108, 227, 201, 18]
12174 [233, 35, 161, 213, 88, 248, 128, 212, 75, 222, 65, 4, 108, 227, 201, 18]
12175 [233, 35, 161, 213, 88, 248, 128, 212, 75, 222, 65, 4, 108, 227, 201, 18]
12176 [241, 123, 233, 143, 251, 12, 159, 170, 207, 65, 242, 229, 101, 171, 56, 137]
12177 [241, 123, 233, 143, 251, 12, 159, 170, 207, 65, 242, 229, 101, 171, 56, 137]
12178 [241, 123, 233, 143, 251, 12, 159, 170, 207, 65, 242, 229, 101, 171, 56, 137]
12180 [12, 106, 239, 252, 26, 149, 64, 206, 84, 114, 98, 202, 47, 140, 188, 173]
12181 [12, 106, 239, 252, 26, 149, 64, 206, 84, 114, 98, 202, 47, 140, 188, 173]
12182 [12, 106, 239, 252, 26, 149, 64, 206, 84, 114, 98, 202, 47, 140, 188, 173]
12184 [166, 155, 149, 189, 203, 100, 215, 69, 47, 188, 97, 224, 61, 30, 237, 159]
12185 [166, 155, 149, 189, 203, 100, 215, 69, 47, 188, 97, 224, 61, 30, 237, 159]
12186 [166, 155, 149, 189, 203, 100, 215, 69, 47, 188, 97, 224, 61, 30, 237, 159]
12187 [209, 245, 6, 25, 20, 133, 104, 63, 89, 224, 122, 138, 8, 208, 153, 59]
12188 [209, 245, 6, 25, 20, 133, 104, 63, 89, 224, 122, 138, 8, 208, 153, 59]
12189 [209, 245, 6, 25, 20, 133, 104, 63, 89, 224, 122, 138, 8, 208, 153, 59]
12190 [209, 245, 6, 25, 20, 133, 104, 63, 89, 224, 122, 138, 8, 208, 153, 59]
12191 [10, 128, 239, 227, 130, 198, 164, 19, 78, 240, 38, 106, 142, 10, 1, 20]
12192 [10, 128, 239, 227, 130, 198, 164, 19, 78, 240, 38, 106, 142, 10, 1, 20]
12193 [10, 128, 239, 227, 130, 198, 164, 19, 78, 240, 38, 106, 142, 10, 1, 20]
12195 [79, 62, 31, 206, 241, 88, 78, 220, 194, 146, 236, 37, 29, 41, 72, 33]
12196 [79, 62, 31, 206, 241, 88, 78, 220, 194, 146, 236, 37, 29, 41, 72, 33]
12197 [79, 62, 31, 206, 241, 88, 78, 220, 194, 146, 236, 37, 29, 41, 72, 33]
12199 [129, 211, 69, 60, 54, 55, 162, 140, 106, 203, 62, 171, 85, 169, 79, 36]
12200 [129, 211, 69, 60, 54, 55, 162, 140, 106, 203, 62, 171, 85, 169, 79, 36]
12201 [129, 211, 69, 60, 54, 55, 162, 140, 106, 203, 62, 171, 85, 169, 79, 36]
12203 [84, 249, 94, 6, 120, 50, 33, 62, 136, 250, 196, 153, 178, 200, 120, 233]
12204 [84, 249, 94, 6, 120, 50, 33, 62, 136, 250, 196, 153, 178, 200, 120, 233]
12205 [84, 249, 94, 6, 120, 50, 33, 62, 136, 250, 196, 153, 178, 200, 120, 233]
12206 [19, 37, 206, 129, 190, 213, 183, 141, 144, 66, 121, 219, 85, 170, 52, 195]
12207 [19, 37, 206, 129, 190, 213, 183, 141, 144, 66, 121, 219, 85, 170, 52, 195]
12208 [19, 37, 206, 129, 190, 213, 183, 141, 144, 66, 121, 219, 85, 170, 52, 195]
12209 [19, 37, 206, 129, 190, 213, 183, 141, 144, 66, 121, 219, 85, 170, 52, 195]
12210 [208, 181, 187, 10, 186, 224, 15, 153, 19, 251, 108, 67, 57, 83, 156, 230]
12211 [208, 181, 187, 10, 186, 224, 15, 153, 19, 251, 108, 67, 57, 83, 156, 230]
12212 [208, 181, 187, 10, 186, 224, 15, 153, 19, 251, 108, 67, 57, 83, 156, 230]
12214 [62, 47, 138, 166, 222, 124, 1, 193, 162, 251, 239, 234, 7, 68, 114, 60]
12215 [62, 47, 138, 166, 222, 124, 1, 193, 162, 251, 239, 234, 7, 68, 114, 60]
12216 [62, 47, 138, 166, 222, 124, 1, 193, 162, 251, 239, 234, 7, 68, 114, 60]
12218 [105, 188, 168, 47, 9, 47, 63, 211, 180, 32, 170, 70, 128, 186, 115, 65]
12219 [105, 188, 168, 47, 9, 47, 63, 211, 180, 32, 170, 70, 128, 186, 115, 65]
12220 [105, 188, 168, 47, 9, 47, 63, 211, 180, 32, 170, 70, 128, 186, 115, 65]
12221 [4, 20, 153, 9, 85, 59, 98, 200, 73, 24, 246, 225, 24, 203, 164, 135]
12222 [4, 20, 153, 9, 85, 59, 98, 200, 73, 24, 246, 225, 24, 203, 164, 135]
12223 [4, 20, 153, 9, 85, 59, 98, 200, 73, 24, 246, 225, 24, 203, 164, 135]
12224 [4, 20, 153, 9, 85, 59, 98, 200, 73, 24, 246, 225, 24, 203, 164, 135]
12225 [46, 82, 90, 161, 166, 189, 44, 162, 77, 135, 135, 24, 191, 195, 135, 95]
12226 [46, 82, 90, 161, 166, 189, 44, 162, 77, 135, 135, 24, 191, 195, 135, 95]
12227 [46, 82, 90, 161, 166, 189, 44, 162, 77, 135, 135, 24, 191, 195, 135, 95]
12229 [231, 152, 30, 147, 20, 229, 129, 88, 26, 188, 229, 184, 206, 88, 6, 29]
12230 [231, 152, 30, 147, 20, 229, 129, 88, 26, 188, 229, 184, 206, 88, 6, 29]
12231 [231, 152, 30, 147, 20, 229, 129, 88, 26, 188, 229, 184, 206, 88, 6, 29]
12233 [178, 196, 216, 128, 69, 119, 94, 120, 192, 81, 73, 50, 202, 93, 55, 74]
12234 [178, 196, 216, 128, 69, 119, 94, 120, 192, 81, 73, 50, 202, 93, 55, 74]
12235 [178, 196, 216, 128, 69, 119, 94, 120, 192, 81, 73, 50, 202, 93, 55, 74]
12237 [151, 221, 57, 54, 139, 238, 200, 141, 154, 84, 158, 113, 245, 228, 178, 224]
12238 [151, 221, 57, 54, 139, 238, 200, 141, 154, 84, 158, 113, 245, 228, 178, 224]
12239 [151, 221, 57, 54, 139, 238, 200, 141, 154, 84, 158, 113, 245, 228, 178, 224]
12240 [215, 177, 71, 55, 75, 65, 86, 103, 110, 44, 53, 180, 144, 248, 123, 41]
12241 [215, 177, 71, 55, 75, 65, 86, 103, 110, 44, 53, 180, 144, 248, 123, 41]
12242 [215, 177, 71, 55, 75, 65, 86, 103, 110, 44, 53, 180, 144, 248, 123, 41]
12243 [215, 177, 71, 55, 75, 65, 86, 103, 110, 44, 53, 180, 144, 248, 123, 41]
12244 [114, 211, 195, 105, 142, 229, 1, 93, 218, 86, 197, 244, 210, 203, 204, 149]
12245 [114, 211, 195, 105, 142, 229, 1, 93, 218, 86, 197, 244, 210, 203, 204, 149]
12246 [114, 211, 195, 105, 142, 229, 1, 93, 218, 86, 197, 244, 210, 203, 204, 149]
12248 [128, 116, 168, 250, 59, 165, 171, 236, 90, 148, 196, 112, 169, 202, 241, 250]
12249 [128, 116, 168, 250, 59, 165, 171, 236, 90, 148, 196, 112, 169, 202, 241, 250]
12250 [128, 116, 168, 250, 59, 165, 171, 236, 90, 148, 196, 112, 169, 202, 241, 250]
12252 [38, 141, 184, 224, 83, 45, 16, 202, 167, 245, 219, 37, 84, 178, 85, 196]
12253 [38, 141, 184, 224, 83, 45, 16, 202, 167, 245, 219, 37, 84, 178, 85, 196]
12254 [38, 141, 184, 224, 83, 45, 16, 202, 167, 245, 219, 37, 84, 178, 85, 196]
12256 [163, 239, 143, 230, 172, 249, 125, 4, 21, 70, 185, 68, 22, 194, 2, 63]
12257 [163, 239, 143, 230, 172, 249, 125, 4, 21, 70, 185, 68, 22, 194, 2, 63]
12258 [163, 239, 143, 230, 172, 249, 125, 4, 21, 70, 185, 68, 22, 194, 2, 63]
12259 [112, 181, 132, 51, 244, 44, 172, 95, 147, 123, 164, 44, 100, 57, 102, 87]
12260 [112, 181, 132, 51, 244, 44, 172, 95, 147, 123, 164, 44, 100, 57, 102, 87]
12261 [112, 181, 132, 51, 244, 44, 172, 95, 147, 123, 164, 44, 100, 57, 102, 87]
12262 [112, 181, 132, 51, 244, 44, 172, 95, 147, 123, 164, 44, 100, 57, 102, 87]
12263 [20, 51, 133, 254, 97, 233, 46, 117, 175, 214, 50, 133, 188, 24, 74, 78]
12264 [20, 51, 133, 254, 97, 233, 46, 117, 175, 214, 50, 133, 188, 24, 74, 78]
12265 [20, 51, 133, 254, 97, 233, 46, 117, 175, 214, 50, 133, 188, 24, 74, 78]
12267 [158, 232, 124, 10, 232, 37, 120, 216, 154, 213, 56, 144, 185, 193, 61, 68]
12268 [158, 232, 124, 10, 232, 37, 120, 216, 154, 213, 56, 144, 185, 193, 61, 68]
12269 [158, 232, 124, 10, 232, 37, 120, 216, 154, 213, 56, 144, 185, 193, 61, 68]
12271 [116, 151, 58, 237, 10, 184, 157, 105, 67, 168, 225, 232, 242, 54, 166, 209]
12272 [116, 151, 58, 237, 10, 184, 157, 105, 67, 168, 225, 232, 242, 54, 166, 209]
12273 [116, 151, 58, 237, 10, 184, 157, 105, 67, 168, 225, 232, 242, 54, 166, 209]
12274 [172, 252, 105, 128, 12, 170, 135, 194, 67, 58, 51, 255, 42, 236, 29, 10]
12275 [172, 252, 105, 128, 12, 170, 135, 194, 67, 58, 51, 255, 42, 236, 29, 10]
12276 [172, 252, 105, 128, 12, 170, 135, 194, 67, 58, 51, 255, 42, 236, 29, 10]
12277 [172, 252, 105, 128, 12, 170, 135, 194, 67, 58, 51, 255, 42, 236, 29, 10]
12278 [57, 177, 243, 147, 182, 191, 3, 157, 49, 245, 24, 155, 81, 2, 202, 246]
12279 [57, 177, 243, 147, 182, 191, 3, 157, 49, 245, 24, 155, 81, 2, 202, 246]
12280 [57, 177, 243, 147, 182, 191, 3, 157, 49, 245, 24, 155, 81, 2, 202, 246]
12282 [158, 148, 80, 173, 80, 36, 229, 52, 28, 249, 209, 26, 54, 141, 29, 243]
12283 [158, 148, 80, 173, 80, 36, 229, 52, 28, 249, 209, 26, 54, 141, 29, 243]
12284 [158, 148, 80, 173, 80, 36, 229, 52, 28, 249, 209, 26, 54, 141, 29, 243]
12286 [129, 197, 239, 244, 249, 8, 174, 125, 180, 40, 150, 254, 210, 159, 242, 68]
12287 [129, 197, 239, 244, 249, 8, 174, 125, 180, 40, 150, 254, 210, 159, 242, 68]
12288 [129, 197, 239, 244, 249, 8, 174, 125, 180, 40, 150, 254, 210, 159, 242, 68]
12290 [19, 252, 1, 104, 186, 52, 74, 156, 237, 64, 129, 231, 127, 160, 93, 24]
12291 [19, 252, 1, 104, 186, 52, 74, 156, 237, 64, 129, 231, 127, 160, 93, 24]
12292 [19, 252, 1, 104, 186, 52, 74, 156, 237, 64, 129, 231, 127, 160, 93, 24]
12293 [55, 81, 112, 207, 115, 10, 132, 172, 86, 176, 168, 73, 90, 42, 13, 251]
12294 [55, 81, 112, 207, 115, 10, 132, 172, 86, 176, 168, 73, 90, 42, 13, 251]
12295 [55, 81, 112, 207, 115, 10, 132, 172, 86, 176, 168, 73, 90, 42, 13, 251]
12296 [55, 81, 112, 207, 115, 10, 132, 172, 86, 176, 168, 73, 90, 42, 13, 251]
12297 [178, 82, 149, 141, 63, 111, 40, 37, 97, 11, 101, 217, 120, 9, 233, 81]
12298 [178, 82, 149, 141, 63, 111, 40, 37, 97, 11, 101, 217, 120, 9, 233, 81]
12299 [178, 82, 149, 141, 63, 111, 40, 37, 97, 11, 101, 217, 120, 9, 233, 81]
12301 [79, 222, 137, 168, 60, 216, 132, 240, 243, 181, 26, 126, 241, 169, 76, 2]
12302 [79, 222, 137, 168, 60, 216, 132, 240, 243, 181, 26, 126, 241, 169, 76, 2]
12303 [79, 222, 137, 168, 60, 216, 132, 240, 243, 181, 26, 126, 241, 169, 76, 2]
12305 [3, 93, 77, 44, 72, 240, 13, 94, 228, 70, 236, 114, 157, 195, 228, 112]
12306 [3, 93, 77, 44, 72, 240, 13, 94, 228, 70, 236, 114, 157, 195, 228, 112]
12307 [3, 93, 77, 44, 72, 240, 13, 94, 228, 70, 236, 114, 157, 195, 228, 112]
12308 [14, 82, 154, 214, 50, 155, 188, 127, 126, 54, 244, 4, 56, 123, 203, 87]
12309 [14, 82, 154, 214, 50, 155, 188, 127, 126, 54, 244, 4, 56, 123, 203, 87]
12310 [14, 82, 154, 214, 50, 155, 188, 127, 126, 54, 244, 4, 56, 123, 203, 87]
12311 [14, 82, 154, 214, 50, 155, 188, 127, 126, 54, 244, 4, 56, 123, 203, 87]
12312 [94, 14, 50, 145, 144, 174, 223, 107, 119, 197, 187, 89, 106, 59, 180, 128]
12313 [94, 14, 50, 145, 144, 174, 223, 107, 119, 197, 187, 89, 106, 59, 180, 128]
12314 [94, 14, 50, 145, 144, 174, 223, 107, 119, 197, 187, 89, 106, 59, 180, 128]
12316 [188, 48, 206, 252, 103, 121, 74, 210, 213, 171, 57, 13, 168, 239, 77, 57]
12317 [188, 48, 206, 252, 103, 121, 74, 210, 213, 171, 57, 13, 168, 239, 77, 57]
12318 [188, 48, 206, 252, 103, 121, 74, 210, 213, 171, 57, 13, 168, 239, 77, 57]
12320 [240, 162, 17, 229, 194, 73, 132, 139, 151, 165, 62, 29, 104, 160, 227, 66]
12321 [240, 162, 17, 229, 194, 73, 132, 139, 151, 165, 62, 29, 104, 160, 227, 66]
12322 [240, 162, 17, 229, 194, 73, 132, 139, 151, 165, 62, 29, 104, 160, 227, 66]
12324 [8, 213, 32, 235, 153, 218, 41, 171, 17, 3, 3, 141, 105, 23, 98, 229]
12325 [8, 213, 32, 235, 153, 218, 41, 171, 17, 3, 3, 141, 105, 23, 98, 229]
12326 [8, 213, 32, 235, 153, 218, 41, 171, 17, 3, 3, 141, 105, 23, 98, 229]
12327 [131, 121, 8, 12, 12, 177, 142, 88, 240, 52, 179, 229, 113, 12, 193, 228]
12328 [131, 121, 8, 12, 12, 177, 142, 88, 240, 52, 179, 229, 113, 12, 193, 228]
12329 [131, 121, 8, 12, 12, 177, 142, 88, 240, 52, 179, 229, 113, 12, 193, 228]
12330 [131, 121, 8, 12, 12, 177, 142, 88, 240, 52, 179, 229, 113, 12, 193, 228]
12331 [24, 98, 47, 110, 52, 212, 94, 56, 104, 180, 8, 45, 111, 149, 53, 150]
12332 [24, 98, 47, 110, 52, 212, 94, 56, 104, 180, 8, 45, 111, 149, 53, 150]
12333 [24, 98, 47, 110, 52, 212, 94, 56, 104, 180, 8, 45, 111, 149, 53, 150]
12335 [145, 53, 34, 217, 81, 99, 202, 74, 245, 198, 91, 41, 185, 203, 16, 68]
12336 [145, 53, 34, 217, 81, 99, 202, 74, 245, 198, 91, 41, 185, 203, 16, 68]
12337 [145, 53, 34, 217, 81, 99, 202, 74, 245, 198, 91, 41, 185, 203, 16, 68]
12339 [27, 34, 44, 198, 193, 163, 229, 190, 42, 49, 30, 111, 79, 128, 182, 210]
12340 [27, 34, 44, 198, 193, 163, 229, 190, 42, 49, 30, 111, 79, 128, 182, 210]
12341 [27, 34, 44, 198, 193, 163, 229, 190, 42, 49, 30, 111, 79, 128, 182, 210]
12343 [52, 35, 105, 126, 207, 33, 230, 220, 83, 12, 216, 21, 161, 227, 72, 238]
12344 [52, 35, 105, 126, 207, 33, 230, 220, 83, 12, 216, 21, 161, 227, 72, 238]
12345 [52, 35, 105, 126, 207, 33, 230, 220, 83, 12, 216, 21, 161, 227, 72, 238]
12346 [83, 231, 59, 110, 160, 151, 44, 22, 63, 119, 209, 35, 101, 164, 95, 192]
12347 [83, 231, 59, 110, 160, 151, 44, 22, 63, 119, 209, 35, 101, 164, 95, 192]
12348 [83, 231, 59, 110, 160, 151, 44, 22, 63, 119, 209, 35, 101, 164, 95, 192]
12350 [78, 205, 151, 72, 226, 82, 214, 62, 46, 120, 132, 160, 20, 253, 50, 66]
12351 [78, 205, 151, 72, 226, 82, 214, 62, 46, 120, 132, 160, 20, 253, 50, 66]
12352 [78, 205, 151, 72, 226, 82, 214, 62, 46, 120, 132, 160, 20, 253, 50, 66]
12354 [86, 219, 172, 169, 102, 65, 134, 35, 63, 57, 213, 10, 123, 112, 96, 228]
12355 [86, 219, 172, 169, 102, 65, 134, 35, 63, 57, 213, 10, 123, 112, 96, 228]
12356 [86, 219, 172, 169, 102, 65, 134, 35, 63, 57, 213, 10, 123, 112, 96, 228]
12358 [226, 67, 249, 31, 186, 114, 75, 100, 180, 228, 214, 83, 239, 250, 141, 35]
12359 [226, 67, 249, 31, 186, 114, 75, 100, 180, 228, 214, 83, 239, 250, 141, 35]
12360 [226, 67, 249, 31, 186, 114, 75, 100, 180, 228, 214, 83, 239, 250, 141, 35]
12361 [175, 60, 178, 33, 172, 137, 231, 25, 9, 198, 63, 184, 147, 188, 208, 110]
12362 [175, 60, 178, 33, 172, 137, 231, 25, 9, 198, 63, 184, 147, 188, 208, 110]
12363 [175, 60, 178, 33, 172, 137, 231, 25, 9, 198, 63, 184, 147, 188, 208, 110]
12364 [175, 60, 178, 33, 172, 137, 231, 25, 9, 198, 63, 184, 147, 188, 208, 110]
12365 [126, 181, 43, 17, 93, 193, 179, 97, 243, 198, 100, 33, 35, 198, 140, 223]
12366 [126, 181, 43, 17, 93, 193, 179, 97, 243, 198, 100, 33, 35, 198, 140, 223]
12367 [126, 181, 43, 17, 93, 193, 179, 97, 243, 198, 100, 33, 35, 198, 140, 223]
12369 [140, 166, 32, 132, 43, 180, 177, 144, 3, 176, 198, 213, 85, 110, 77, 93]
12370 [140, 166, 32, 132, 43, 180, 177, 144, 3, 176, 198, 213, 85, 110, 77, 93]
12371 [140, 166, 32, 132, 43, 180, 177, 144, 3, 176, 198, 213, 85, 110, 77, 93]
12373 [239, 244, 51, 101, 119, 135, 98, 42, 213, 210, 240, 251, 79, 137, 202, 204]
12374 [239, 244, 51, 101, 119, 135, 98, 42, 213, 210, 240, 251, 79, 137, 202, 204]
12375 [239, 244, 51, 101, 119, 135, 98, 42, 213, 210, 240, 251, 79, 137, 202, 204]
12377 [116, 140, 89, 11, 115, 114, 42, 111, 217, 147, 9, 233, 12, 250, 102, 127]
12378 [116, 140, 89, 11, 115, 114, 42, 111, 217, 147, 9, 233, 12, 250, 102, 127]
12379 [116, 140, 89, 11, 115, 114, 42, 111, 217, 147, 9, 233, 12, 250, 102, 127]
12380 [207, 246, 118, 6, 254, 209, 146, 38, 197, 133, 197, 194, 25, 98, 138, 15]
12381 [207, 246, 118, 6, 254, 209, 146, 38, 197, 133, 197, 194, 25, 98, 138, 15]
12382 [207, 246, 118, 6, 254, 209, 146, 38, 197, 133, 197, 194, 25, 98, 138, 15]
12383 [207, 246, 118, 6, 254, 209, 146, 38, 197, 133, 197, 194, 25, 98, 138, 15]
12384 [148, 89, 35, 39, 85, 236, 109, 186, 198, 180, 222, 0, 134, 131, 170, 243]
12385 [148, 89, 35, 39, 85, 236, 109, 186, 198, 180, 222, 0, 134, 131, 170, 243]
12386 [148, 89, 35, 39, 85, 236, 109, 186, 198, 180, 222, 0, 134, 131, 170, 243]
12388 [148, 184, 40, 236, 178, 51, 129, 68, 105, 10, 212, 221, 241, 72, 217, 53]
12389 [148, 184, 40, 236, 178, 51, 129, 68, 105, 10, 212, 221, 241, 72, 217, 53]
12390 [148, 184, 40, 236, 178, 51, 129, 68, 105, 10, 212, 221, 241, 72, 217, 53]
12392 [179, 237, 231, 157, 128, 5, 111, 185, 66, 0, 222, 168, 132, 164, 213, 209]
12393 [179, 237, 231, 157, 128, 5, 111, 185, 66, 0, 222, 168, 132, 164, 213, 209]
12394 [179, 237, 231, 157, 128, 5, 111, 185, 66, 0, 222, 168, 132, 164, 213, 209]
12395 [160, 145, 214, 57, 28, 36, 14, 145, 67, 184, 49, 176, 64, 64, 3, 99]
12396 [160, 145, 214, 57, 28, 36, 14, 145, 67, 184, 49, 176, 64, 64, 3, 99]
12397 [160, 145, 214, 57, 28, 36, 14, 145, 67, 184, 49, 176, 64, 64, 3, 99]
12398 [160, 145, 214, 57, 28, 36, 14, 145, 67, 184, 49, 176, 64, 64, 3, 99]
12399 [95, 36, 194, 84, 83, 83, 156, 175, 106, 227, 6, 71, 210, 179, 187, 209]
12400 [95, 36, 194, 84, 83, 83, 156, 175, 106, 227, 6, 71, 210, 179, 187, 209]
12401 [95, 36, 194, 84, 83, 83, 156, 175, 106, 227, 6, 71, 210, 179, 187, 209]
12403 [64, 100, 90, 252, 63, 254, 149, 229, 123, 120, 16, 243, 189, 58, 53, 32]
12404 [64, 100, 90, 252, 63, 254, 149, 229, 123, 120, 16, 243, 189, 58, 53, 32]
12405 [64, 100, 90, 252, 63, 254, 149, 229, 123, 120, 16, 243, 189, 58, 53, 32]
12407 [148, 59, 44, 20, 69, 128, 208, 65, 217, 13, 156, 124, 128, 16, 243, 36]
12408 [148, 59, 44, 20, 69, 128, 208, 65, 217, 13, 156, 124, 128, 16, 243, 36]
12409 [148, 59, 44, 20, 69, 128, 208, 65, 217, 13, 156, 124, 128, 16, 243, 36]
12411 [31, 42, 175, 50, 99, 176, 56, 174, 104, 109, 4, 99, 250, 211, 193, 136]
12412 [31, 42, 175, 50, 99, 176, 56, 174, 104, 109, 4, 99, 250, 211, 193, 136]
12413 [31, 42, 175, 50, 99, 176, 56, 174, 104, 109, 4, 99, 250, 211, 193, 136]
12414 [109, 28, 60, 192, 129, 10, 130, 101, 239, 185, 121, 54, 182, 201, 121, 205]
12415 [109, 28, 60, 192, 129, 10, 130, 101, 239, 185, 121, 54, 182, 201, 121, 205]
12416 [109, 28, 60, 192, 129, 10, 130, 101, 239, 185, 121, 54, 182, 201, 121, 205]
12417 [109, 28, 60, 192, 129, 10, 130, 101, 239, 185, 121, 54, 182, 201, 121, 205]
12418 [110, 127, 102, 117, 57, 102, 179, 208, 35, 83, 244, 152, 1, 56, 161, 212]
12419 [110, 127, 102, 117, 57, 102, 179, 208, 35, 83, 244, 152, 1, 56, 161, 212]
12420 [110, 127, 102, 117, 57, 102, 179, 208, 35, 83, 244, 152, 1, 56, 161, 212]
12422 [169, 183, 100, 135, 241, 209, 21, 248, 83, 187, 40, 231, 216, 140, 48, 225]
12423 [169, 183, 100, 135, 241, 209, 21, 248, 83, 187, 40, 231, 216, 140, 48, 225]
12424 [169, 183, 100, 135, 241, 209, 21, 248, 83, 187, 40, 231, 216, 140, 48, 225]
12426 [177, 250, 102, 210, 135, 220, 108, 239, 151, 107, 18, 15, 73, 17, 219, 110]
12427 [177, 250, 102, 210, 135, 220, 108, 239, 151, 107, 18, 15, 73, 17, 219, 110]
12428 [177, 250, 102, 210, 135, 220, 108, 239, 151, 107, 18, 15, 73, 17, 219, 110]
12429 [21, 144, 42, 107, 242, 140, 245, 86, 161, 229, 164, 85, 181, 191, 66, 111]
12430 [21, 144, 42, 107, 242, 140, 245, 86, 161, 229, 164, 85, 181, 191, 66, 111]
12431 [21, 144, 42, 107, 242, 140, 245, 86, 161, 229, 164, 85, 181, 191, 66, 111]
12432 [21, 144, 42, 107, 242, 140, 245, 86, 161, 229, 164, 85, 181, 191, 66, 111]
12433 [96, 131, 163, 167, 135, 255, 215, 169, 187, 189, 176, 99, 106, 121, 204, 216]
12434 [96, 131, 163, 167, 135, 255, 215, 169, 187, 189, 176, 99, 106, 121, 204, 216]
12435 [96, 131, 163, 167, 135, 255, 215, 169, 187, 189, 176, 99, 106, 121, 204, 216]
12437 [60, 155, 195, 98, 56, 247, 136, 107, 44, 224, 203, 189, 12, 80, 225, 185]
12438 [60, 155, 195, 98, 56, 247, 136, 107, 44, 224, 203, 189, 12, 80, 225, 185]
12439 [60, 155, 195, 98, 56, 247, 136, 107, 44, 224, 203, 189, 12, 80, 225, 185]
12441 [29, 38, 166, 108, 70, 236, 38, 52, 178, 161, 163, 229, 47, 135, 70, 165]
12442 [29, 38, 166, 108, 70, 236, 38, 52, 178, 161, 163, 229, 47, 135, 70, 165]
12443 [29, 38, 166, 108, 70, 236, 38, 52, 178, 161, 163, 229, 47, 135, 70, 165]
12445 [34, 163, 222, 77, 200, 240, 45, 175, 52, 219, 3, 202, 205, 235, 138, 38]
12446 [34, 163, 222, 77, 200, 240, 45, 175, 52, 219, 3, 202, 205, 235, 138, 38]
12447 [34, 163, 222, 77, 200, 240, 45, 175, 52, 219, 3, 202, 205, 235, 138, 38]
12448 [195, 34, 187, 195, 208, 5, 19, 40, 210, 232, 121, 47, 7, 23, 2, 88]
12449 [195, 34, 187, 195, 208, 5, 19, 40, 210, 232, 121, 47, 7, 23, 2, 88]
12450 [195, 34, 187, 195, 208, 5, 19, 40, 210, 232, 121, 47, 7, 23, 2, 88]
12451 [195, 34, 187, 195, 208, 5, 19, 40, 210, 232, 121, 47, 7, 23, 2, 88]
12452 [62, 201, 181, 65, 250, 197, 90, 190, 162, 145, 93, 204, 151, 153, 78, 17]
12453 [62, 201, 181, 65, 250, 197, 90, 190, 162, 145, 93, 204, 151, 153, 78, 17]
12454 [62, 201, 181, 65, 250, 197, 90, 190, 162, 145, 93, 204, 151, 153, 78, 17]
12456 [255, 100, 114, 186, 202, 65, 8, 111, 129, 130, 168, 185, 12, 240, 176, 219]
12457 [255, 100, 114, 186, 202, 65, 8, 111, 129, 130, 168, 185, 12, 240, 176, 219]
12458 [255, 100, 114, 186, 202, 65, 8, 111, 129, 130, 168, 185, 12, 240, 176, 219]
12460 [105, 13, 88, 121, 124, 217, 69, 12, 137, 91, 226, 192, 10, 178, 12, 70]
12461 [105, 13, 88, 121, 124, 217, 69, 12, 137, 91, 226, 192, 10, 178, 12, 70]
12462 [105, 13, 88, 121, 124, 217, 69, 12, 137, 91, 226, 192, 10, 178, 12, 70]
12464 [159, 110, 49, 32, 201, 37, 106, 212, 48, 9, 156, 17, 34, 153, 4, 24]
12465 [159, 110, 49, 32, 201, 37, 106, 212, 48, 9, 156, 17, 34, 153, 4, 24]
12466 [159, 110, 49, 32, 201, 37, 106, 212, 48, 9, 156, 17, 34, 153, 4, 24]
12467 [155, 137, 222, 180, 24, 157, 248, 5, 115, 6, 83, 103, 249, 166, 103, 157]
12468 [155, 137, 222, 180, 24, 157, 248, 5, 115, 6, 83, 103, 249, 166, 103, 157]
12469 [155, 137, 222, 180, 24, 157, 248, 5, 115, 6, 83, 103, 249, 166, 103, 157]
12470 [155, 137, 222, 180, 24, 157, 248, 5, 115, 6, 83, 103, 249, 166, 103, 157]
12471 [232, 179, 241, 54, 49, 25, 222, 206, 73, 209, 194, 243, 175, 214, 252, 214]
12472 [232, 179, 241, 54, 49, 25, 222, 206, 73, 209, 194, 243, 175, 214, 252, 214]
12473 [232, 179, 241, 54, 49, 25, 222, 206, 73, 209, 194, 243, 175, 214, 252, 214]
12475 [172, 127, 82, 31, 5, 225, 178, 136, 21, 220, 164, 44, 160, 255, 190, 82]
12476 [172, 127, 82, 31, 5, 225, 178, 136, 21, 220, 164, 44, 160, 255, 190, 82]
12477 [172, 127, 82, 31, 5, 225, 178, 136, 21, 220, 164, 44, 160, 255, 190, 82]
12479 [37, 191, 128, 139, 241, 161, 228, 244, 21, 242, 77, 16, 146, 111, 88, 193]
12480 [37, 191, 128, 139, 241, 161, 228, 244, 21, 242, 77, 16, 146, 111, 88, 193]
12481 [37, 191, 128, 139, 241, 161, 228, 244, 21, 242, 77, 16, 146, 111, 88, 193]
12482 [110, 240, 44, 133, 73, 207, 187, 3, 139, 87, 218, 223, 32, 25, 126, 36]
12483 [110, 240, 44, 133, 73, 207, 187, 3, 139, 87, 218, 223, 32, 25, 126, 36]
12484 [110, 240, 44, 133, 73, 207, 187, 3, 139, 87, 218, 223, 32, 25, 126, 36]
12485 [110, 240, 44, 133, 73, 207, 187, 3, 139, 87, 218, 223, 32, 25, 126, 36]
12486 [208, 19, 16, 26, 220, 9, 151, 179, 199, 248, 58, 96, 127, 151, 2, 46]
12487 [208, 19, 16, 26, 220, 9, 151, 179, 199, 248, 58, 96, 127, 151, 2, 46]
12488 [208, 19, 16, 26, 220, 9, 151, 179, 199, 248, 58, 96, 127, 151, 2, 46]
12490 [63, 210, 116, 132, 183, 83, 46, 56, 199, 242, 182, 237, 25, 228, 229, 101]
12491 [63, 210, 116, 132, 183, 83, 46, 56, 199, 242, 182, 237, 25, 228, 229, 101]
12492 [63, 210, 116, 132, 183, 83, 46, 56, 199, 242, 182, 237, 25, 228, 229, 101]
12494 [56, 228, 33, 194, 202, 23, 79, 65, 174, 218, 38, 44, 207, 220, 104, 79]
12495 [56, 228, 33, 194, 202, 23, 79, 65, 174, 218, 38, 44, 207, 220, 104, 79]
12496 [56, 228, 33, 194, 202, 23, 79, 65, 174, 218, 38, 44, 207, 220, 104, 79]
12498 [33, 93, 178, 170, 176, 59, 122, 25, 154, 226, 176, 36, 190, 211, 239, 201]
12499 [33, 93, 178, 170, 176, 59, 122, 25, 154, 226, 176, 36, 190, 211, 239, 201]
12500 [33, 93, 178, 170, 176, 59, 122, 25, 154, 226, 176, 36, 190, 211, 239, 201]
12501 [90, 187, 151, 165, 168, 125, 247, 253, 254, 30, 109, 240, 75, 12, 26, 38]
12502 [90, 187, 151, 165, 168, 125, 247, 253, 254, 30, 109, 240, 75, 12, 26, 38]
12503 [90, 187, 151, 165, 168, 125, 247, 253, 254, 30, 109, 240, 75, 12, 26, 38]
12504 [90, 187, 151, 165, 168, 125, 247, 253, 254, 30, 109, 240, 75, 12, 26, 38]
12505 [223, 157, 66, 95, 39, 1, 169, 203, 246, 32, 146, 144, 199, 83, 41, 31]
12506 [223, 157, 66, 95, 39, 1, 169, 203, 246, 32, 146, 144, 199, 83, 41, 31]
12507 [223, 157, 66, 95, 39, 1, 169, 203, 246, 32, 146, 144, 199, 83, 41, 31]
12509 [49, 62, 181, 235, 47, 78, 160, 32, 15, 64, 196, 196, 143, 63, 133, 171]
12510 [49, 62, 181, 235, 47, 78, 160, 32, 15, 64, 196, 196, 143, 63, 133, 171]
12511 [49, 62, 181, 235, 47, 78, 160, 32, 15, 64, 196, 196, 143, 63, 133, 171]
12513 [251, 131, 78, 142, 22, 70, 2, 30, 103, 125, 117, 137, 182, 199, 29, 159]
12514 [251, 131, 78, 142, 22, 70, 2, 30, 103, 125, 117, 137, 182, 199, 29, 159]
12515 [251, 131, 78, 142, 22, 70, 2, 30, 103, 125, 117, 137, 182, 199, 29, 159]
12517 [63, 57, 194, 18, 103, 253, 218, 194, 16, 70, 29, 116, 232, 29, 109, 196]
12518 [63, 57, 194, 18, 103, 253, 218, 194, 16, 70, 29, 116, 232, 29, 109, 196]
12519 [63, 57, 194, 18, 103, 253, 218, 194, 16, 70, 29, 116, 232, 29, 109, 196]
12520 [247, 203, 173, 54, 81, 46, 196, 79, 197, 228, 230, 241, 204, 148, 120, 216]
12521 [247, 203, 173, 54, 81, 46, 196, 79, 197, 228, 230, 241, 204, 148, 120, 216]
12522 [247, 203, 173, 54, 81, 46, 196, 79, 197, 228, 230, 241, 204, 148, 120, 216]
12524 [55, 226, 126, 232, 160, 201, 126, 226, 35, 56, 195, 103, 217, 36, 240, 220]
12525 [55, 226, 126, 232, 160, 201, 126, 226, 35, 56, 195, 103, 217, 36, 240, 220]
12526 [55, 226, 126, 232, 160, 201, 126, 226, 35, 56, 195, 103, 217, 36, 240, 220]
12528 [168, 62, 229, 171, 78, 118, 61, 43, 39, 57, 47, 147, 63, 92, 125, 193]
12529 [168, 62, 229, 171, 78, 118, 61, 43, 39, 57, 47, 147, 63, 92, 125, 193]
12530 [168, 62, 229, 171, 78, 118, 61, 43, 39, 57, 47, 147, 63, 92, 125, 193]
12532 [68, 131, 124, 234, 252, 206, 147, 134, 152, 68, 230, 149, 213, 36, 13, 103]
12533 [68, 131, 124, 234, 252, 206, 147, 134, 152, 68, 230, 149, 213, 36, 13, 103]
12534 [68, 131, 124, 234, 252, 206, 147, 134, 152, 68, 230, 149, 213, 36, 13, 103]
12535 [122, 138, 146, 111, 230, 0, 112, 194, 26, 0, 0, 125, 128, 255, 219, 87]
12536 [122, 138, 146, 111, 230, 0, 112, 194, 26, 0, 0, 125, 128, 255, 219, 87]
12537 [122, 138, 146, 111, 230, 0, 112, 194, 26, 0, 0, 125, 128, 255, 219, 87]
12538 [122, 138, 146, 111, 230, 0, 112, 194, 26, 0, 0, 125, 128, 255, 219, 87]
12539 [172, 188, 152, 44, 228, 111, 40, 194, 138, 70, 68, 113, 147, 234, 98, 27]
12540 [172, 188, 152, 44, 228, 111, 40, 194, 138, 70, 68, 113, 147, 234, 98, 27]
12541 [172, 188, 152, 44, 228, 111, 40, 194, 138, 70, 68, 113, 147, 234, 98, 27]
12543 [230, 70, 212, 214, 232, 0, 17, 233, 114, 90, 35, 255, 120, 182, 111, 242]
12544 [230, 70, 212, 214, 232, 0, 17, 233, 114, 90, 35, 255, 120, 182, 111, 242]
12545 [230, 70, 212, 214, 232, 0, 17, 233, 114, 90, 35, 255, 120, 182, 111, 242]
12547 [250, 67, 193, 94, 150, 147, 194, 212, 39, 20, 119, 22, 123, 69, 191, 149]
12548 [250, 67, 193, 94, 150, 147, 194, 212, 39, 20, 119, 22, 123, 69, 191, 149]
12549 [250, 67, 193, 94, 150, 147, 194, 212, 39, 20, 119, 22, 123, 69, 191, 149]
12551 [189, 80, 209, 172, 101, 145, 26, 40, 109, 96, 187, 237, 177, 118, 43, 11]
12552 [189, 80, 209, 172, 101, 145, 26, 40, 109, 96, 187, 237, 177, 118, 43, 11]
12553 [189, 80, 209, 172, 101, 145, 26, 40, 109, 96, 187, 237, 177, 118, 43, 11]
12554 [21, 250, 72, 172, 74, 231, 201, 105, 30, 194, 87, 65, 70, 70, 70, 24]
12555 [21, 250, 72, 172, 74, 231, 201, 105, 30, 194, 87, 65, 70, 70, 70, 24]
12556 [21, 250, 72, 172, 74, 231, 201, 105, 30, 194, 87, 65, 70, 70, 70, 24]
12558 [55, 216, 240, 140, 167, 56, 143, 135, 76, 16, 114, 26, 85, 185, 78, 174]
12559 [55, 216, 240, 140, 167, 56, 143, 135, 76, 16, 114, 26, 85, 185, 78, 174]
12560 [55, 216, 240, 140, 167, 56, 143, 135, 76, 16, 114, 26, 85, 185, 78, 174]
12562 [215, 167, 40, 80, 37, 228, 245, 221, 203, 165, 247, 111, 187, 180, 74, 249]
12563 [215, 167, 40, 80, 37, 228, 245, 221, 203, 165, 247, 111, 187, 180, 74, 249]
12564 [215, 167, 40, 80, 37, 228, 245, 221, 203, 165, 247, 111, 187, 180, 74, 249]
12566 [155, 42, 140, 38, 200, 171, 74, 84, 220, 232, 125, 48, 122, 180, 117, 251]
12567 [155, 42, 140, 38, 200, 171, 74, 84, 220, 232, 125, 48, 122, 180, 117, 251]
12568 [155, 42, 140, 38, 200, 171, 74, 84, 220, 232, 125, 48, 122, 180, 117, 251]
12569 [54, 232, 249, 128, 185, 93, 52, 23, 149, 103, 95, 10, 46, 210, 100, 36]
12570 [54, 232, 249, 128, 185, 93, 52, 23, 149, 103, 95, 10, 46, 210, 100, 36]
12571 [54, 232, 249, 128, 185, 93, 52, 23, 149, 103, 95, 10, 46, 210, 100, 36]
12572 [54, 232, 249, 128, 185, 93, 52, 23, 149, 103, 95, 10, 46, 210, 100, 36]
12573 [100, 128, 106, 131, 39, 67, 21, 97, 34, 178, 143, 227, 11, 107, 9, 20]
12574 [100, 128, 106, 131, 39, 67, 21, 97, 34, 178, 143, 227, 11, 107, 9, 20]
12575 [100, 128, 106, 131, 39, 67, 21, 97, 34, 178, 143, 227, 11, 107, 9, 20]
12577 [166, 252, 60, 170, 152, 106, 96, 197, 221, 198, 129, 13, 38, 81, 11, 134]
12578 [166, 252, 60, 170, 152, 106, 96, 197, 221, 198, 129, 13, 38, 81, 11, 134]
12579 [166, 252, 60, 170, 152, 106, 96, 197, 221, 198, 129, 13, 38, 81, 11, 134]
12581 [143, 15, 167, 129, 77, 190, 36, 100, 120, 88, 38, 32, 122, 116, 210, 142]
12582 [143, 15, 167, 129, 77, 190, 36, 100, 120, 88, 38, 32, 122, 116, 210, 142]
12583 [143, 15, 167, 129, 77, 190, 36, 100, 120, 88, 38, 32, 122, 116, 210, 142]
12585 [99, 237, 11, 105, 15, 226, 229, 59, 235, 145, 202, 126, 254, 189, 216, 115]
12586 [99, 237, 11, 105, 15, 226, 229, 59, 235, 145, 202, 126, 254, 189, 216, 115]
12587 [99, 237, 11, 105, 15, 226, 229, 59, 235, 145, 202, 126, 254, 189, 216, 115]
12588 [55, 182, 159, 161, 43, 223, 189, 241, 118, 227, 251, 23, 86, 210, 7, 13]
12589 [55, 182, 159, 161, 43, 223, 189, 241, 118, 227, 251, 23, 86, 210, 7, 13]
12590 [55, 182, 159, 161, 43, 223, 189, 241, 118, 227, 251, 23, 86, 210, 7, 13]
12591 [55, 182, 159, 161, 43, 223, 189, 241, 118, 227, 251, 23, 86, 210, 7, 13]
12592 [88, 141, 137, 165, 216, 81, 159, 230, 215, 72, 49, 186, 94, 77, 209, 94]
12593 [88, 141, 137, 165, 216, 81, 159, 230, 215, 72, 49, 186, 94, 77, 209, 94]
12594 [88, 141, 137, 165, 216, 81, 159, 230, 215, 72, 49, 186, 94, 77, 209, 94]
12596 [192, 75, 29, 153, 130, 94, 200, 116, 6, 254, 58, 244, 171, 141, 240, 234]
12597 [192, 75, 29, 153, 130, 94, 200, 116, 6, 254, 58, 244, 171, 141, 240, 234]
12598 [192, 75, 29, 153, 130, 94, 200, 116, 6, 254, 58, 244, 171, 141, 240, 234]
12600 [227, 135, 8, 183, 90, 197, 73, 153, 55, 113, 29, 46, 6, 32, 159, 248]
12601 [227, 135, 8, 183, 90, 197, 73, 153, 55, 113, 29, 46, 6, 32, 159, 248]
12602 [227, 135, 8, 183, 90, 197, 73, 153, 55, 113, 29, 46, 6, 32, 159, 248]
12603 [15, 136, 239, 84, 103, 252, 214, 224, 141, 109, 72, 175, 233, 14, 241, 73]
12604 [15, 136, 239, 84, 103, 252, 214, 224, 141, 109, 72, 175, 233, 14, 241, 73]
12605 [15, 136, 239, 84, 103, 252, 214, 224, 141, 109, 72, 175, 233, 14, 241, 73]
12606 [15, 136, 239, 84, 103, 252, 214, 224, 141, 109, 72, 175, 233, 14, 241, 73]
12607 [127, 221, 148, 129, 226, 62, 156, 12, 52, 153, 63, 121, 206, 73, 99, 196]
12608 [127, 221, 148, 129, 226, 62, 156, 12, 52, 153, 63, 121, 206, 73, 99, 196]
12609 [127, 221, 148, 129, 226, 62, 156, 12, 52, 153, 63, 121, 206, 73, 99, 196]
12611 [45, 64, 56, 180, 248, 203, 121, 160, 165, 100, 87, 70, 182, 101, 185, 114]
12612 [45, 64, 56, 180, 248, 203, 121, 160, 165, 100, 87, 70, 182, 101, 185, 114]
12613 [45, 64, 56, 180, 248, 203, 121, 160, 165, 100, 87, 70, 182, 101, 185, 114]
12615 [43, 160, 22, 21, 176, 176, 28, 210, 198, 233, 206, 51, 248, 190, 12, 36]
12616 [43, 160, 22, 21, 176, 176, 28, 210, 198, 233, 206, 51, 248, 190, 12, 36]
12617 [43, 160, 22, 21, 176, 176, 28, 210, 198, 233, 206, 51, 248, 190, 12, 36]
12619 [32, 220, 89, 9, 184, 223, 176, 122, 110, 34, 157, 204, 188, 238, 104, 243]
12620 [32, 220, 89, 9, 184, 223, 176, 122, 110, 34, 157, 204, 188, 238, 104, 243]
12621 [32, 220, 89, 9, 184, 223, 176, 122, 110, 34, 157, 204, 188, 238, 104, 243]
12622 [185, 187, 172, 6, 117, 249, 16, 151, 120, 37, 245, 162, 127, 166, 13, 235]
12623 [185, 187, 172, 6, 117, 249, 16, 151, 120, 37, 245, 162, 127, 166, 13, 235]
12624 [185, 187, 172, 6, 117, 249, 16, 151, 120, 37, 245, 162, 127, 166, 13, 235]
12625 [185, 187, 172, 6, 117, 249, 16, 151, 120, 37, 245, 162, 127, 166, 13, 235]
12626 [13, 139, 24, 254, 207, 108, 102, 76, 108, 134, 27, 241, 214, 118, 1, 88]
12627 [13, 139, 24, 254, 207, 108, 102, 76, 108, 134, 27, 241, 214, 118, 1, 88]
12628 [13, 139, 24, 254, 207, 108, 102, 76, 108, 134, 27, 241, 214, 118, 1, 88]
12630 [13, 147, 119, 59, 182, 180, 252, 86, 171, 91, 95, 90, 85, 13, 154, 4]
12631 [13, 147, 119, 59, 182, 180, 252, 86, 171, 91, 95, 90, 85, 13, 154, 4]
12632 [13, 147, 119, 59, 182, 180, 252, 86, 171, 91, 95, 90, 85, 13, 154, 4]
12634 [233, 5, 237, 242, 51, 138, 7, 102, 172, 172, 188, 43, 156, 39, 15, 245]
12635 [233, 5, 237, 242, 51, 138, 7, 102, 172, 172, 188, 43, 156, 39, 15, 245]
12636 [233, 5, 237, 242, 51, 138, 7, 102, 172, 172, 188, 43, 156, 39, 15, 245]
12638 [129, 20, 29, 104, 223, 5, 92, 96, 152, 121, 217, 39, 46, 60, 130, 77]
12639 [129, 20, 29, 104, 223, 5, 92, 96, 152, 121, 217, 39, 46, 60, 130, 77]
12640 [129, 20, 29, 104, 223, 5, 92, 96, 152, 121, 217, 39, 46, 60, 130, 77]
12641 [185, 190, 8, 111, 15, 3, 182, 201, 185, 136, 205, 15, 225, 84, 97, 73]
12642 [185, 190, 8, 111, 15, 3, 182, 201, 185, 136, 205, 15, 225, 84, 97, 73]
12643 [185, 190, 8, 111, 15, 3, 182, 201, 185, 136, 205, 15, 225, 84, 97, 73]
12645 [35, 49, 175, 38, 126, 1, 186, 85, 253, 240, 183, 228, 234, 15, 193, 199]
12646 [35, 49, 175, 38, 126, 1, 186, 85, 253, 240, 183, 228, 234, 15, 193, 199]
12647 [35, 49, 175, 38, 126, 1, 186, 85, 253, 240, 183, 228, 234, 15, 193, 199]
12649 [74, 111, 251, 208, 218, 125, 104, 247, 14, 121, 189, 87, 170, 87, 51, 35]
12650 [74, 111, 251, 208, 218, 125, 104, 247, 14, 121, 189, 87, 170, 87, 51, 35]
12651 [74, 111, 251, 208, 218, 125, 104, 247, 14, 121, 189, 87, 170, 87, 51, 35]
12653 [125, 136, 140, 84, 117, 115, 104, 163, 204, 181, 16, 72, 248, 140, 52, 22]
12654 [125, 136, 140, 84, 117, 115, 104, 163, 204, 181, 16, 72, 248, 140, 52, 22]
12655 [125, 136, 140, 84, 117, 115, 104, 163, 204, 181, 16, 72, 248, 140, 52, 22]
12656 [124, 8, 254, 12, 184, 134, 82, 164, 170, 0, 11, 226, 245, 246, 106, 139]
12657 [124, 8, 254, 12, 184, 134, 82, 164, 170, 0, 11, 226, 245, 246, 106, 139]
12658 [124, 8, 254, 12, 184, 134, 82, 164, 170, 0, 11, 226, 245, 246, 106, 139]
12659 [124, 8, 254, 12, 184, 134, 82, 164, 170, 0, 11, 226, 245, 246, 106, 139]
12660 [252, 172, 127, 234, 162, 173, 173, 170, 110, 58, 250, 198, 105, 203, 53, 223]
12661 [252, 172, 127, 234, 162, 173, 173, 170, 110, 58, 250, 198, 105, 203, 53, 223]
12662 [252, 172, 127, 234, 162, 173, 173, 170, 110, 58, 250, 198, 105, 203, 53, 223]
12664 [228, 232, 243, 159, 3, 57, 64, 159, 232, 55, 152, 158, 246, 121, 40, 89]
12665 [228, 232, 243, 159, 3, 57, 64, 159, 232, 55, 152, 158, 246, 121, 40, 89]
12666 [228, 232, 243, 159, 3, 57, 64, 159, 232, 55, 152, 158, 246, 121, 40, 89]
12668 [60, 123, 53, 152, 224, 78, 229, 125, 0, 11, 214, 209, 47, 27, 91, 193]
12669 [60, 123, 53, 152, 224, 78, 229, 125, 0, 11, 214, 209, 47, 27, 91, 193]
12670 [60, 123, 53, 152, 224, 78, 229, 125, 0, 11, 214, 209, 47, 27, 91, 193]
12672 [0, 121, 183, 212, 207, 179, 91, 95, 105, 184, 192, 94, 46, 252, 141, 60]
12673 [0, 121, 183, 212, 207, 179, 91, 95, 105, 184, 192, 94, 46, 252, 141, 60]
12674 [0, 121, 183, 212, 207, 179, 91, 95, 105, 184, 192, 94, 46, 252, 141, 60]
12675 [52, 104, 147, 224, 248, 190, 179, 10, 180, 124, 159, 176, 14, 193, 217, 207]
12676 [52, 104, 147, 224, 248, 190, 179, 10, 180, 124, 159, 176, 14, 193, 217, 207]
12677 [52, 104, 147, 224, 248, 190, 179, 10, 180, 124, 159, 176, 14, 193, 217, 207]
12678 [52, 104, 147, 224, 248, 190, 179, 10, 180, 124, 159, 176, 14, 193, 217, 207]
12679 [161, 164, 43, 62, 206, 150, 22, 69, 185, 138, 65, 210, 72, 35, 34, 63]
12680 [161, 164, 43, 62, 206, 150, 22, 69, 185, 138, 65, 210, 72, 35, 34, 63]
12681 [161, 164, 43, 62, 206, 150, 22, 69, 185, 138, 65, 210, 72, 35, 34, 63]
12683 [226, 109, 31, 225, 226, 89, 91, 222, 135, 80, 205, 118, 38, 234, 76, 92]
12684 [226, 109, 31, 225, 226, 89, 91, 222, 135, 80, 205, 118, 38, 234, 76, 92]
12685 [226, 109, 31, 225, 226, 89, 91, 222, 135, 80, 205, 118, 38, 234, 76, 92]
12687 [240, 130, 129, 214, 244, 16, 88, 221, 105, 136, 146, 123, 32, 189, 162, 231]
12688 [240, 130, 129, 214, 244, 16, 88, 221, 105, 136, 146, 123, 32, 189, 162, 231]
12689 [240, 130, 129, 214, 244, 16, 88, 221, 105, 136, 146, 123, 32, 189, 162, 231]
12690 [187, 147, 188, 21, 199, 142, 219, 27, 148, 109, 141, 173, 220, 106, 214, 69]
12691 [187, 147, 188, 21, 199, 142, 219, 27, 148, 109, 141, 173, 220, 106, 214, 69]
12692 [187, 147, 188, 21, 199, 142, 219, 27, 148, 109, 141, 173, 220, 106, 214, 69]
12693 [187, 147, 188, 21, 199, 142, 219, 27, 148, 109, 141, 173, 220, 106, 214, 69]
12694 [252, 176, 85, 170, 221, 71, 156, 239, 72, 34, 78, 90, 34, 80, 119, 240]
12695 [252, 176, 85, 170, 221, 71, 156, 239, 72, 34, 78, 90, 34, 80, 119, 240]
12696 [252, 176, 85, 170, 221, 71, 156, 239, 72, 34, 78, 90, 34, 80, 119, 240]
12698 [249, 176, 16, 32, 120, 124, 236, 192, 45, 0, 38, 178, 231, 172, 84, 104]
12699 [249, 176, 16, 32, 120, 124, 236, 192, 45, 0, 38, 178, 231, 172, 84, 104]
12700 [249, 176, 16, 32, 120, 124, 236, 192, 45, 0, 38, 178, 231, 172, 84, 104]
12702 [117, 186, 164, 16, 165, 12, 15, 40, 81, 136, 129, 152, 187, 161, 38, 17]
12703 [117, 186, 164, 16, 165, 12, 15, 40, 81, 136, 129, 152, 187, 161, 38, 17]
12704 [117, 186, 164, 16, 165, 12, 15, 40, 81, 136, 129, 152, 187, 161, 38, 17]
12706 [125, 23, 190, 154, 240, 198, 190, 62, 169, 51, 221, 221, 103, 90, 213, 186]
12707 [125, 23, 190, 154, 240, 198, 190, 62, 169, 51, 221, 221, 103, 90, 213, 186]
12708 [125, 23, 190, 154, 240, 198, 190, 62, 169, 51, 221, 221, 103, 90, 213, 186]
12709 [146, 118, 200, 205, 135, 85, 3, 188, 66, 156, 144, 106, 248, 249, 38, 202]
12710 [146, 118, 200, 205, 135, 85, 3, 188, 66, 156, 144, 106, 248, 249, 38, 202]
12711 [146, 118, 200, 205, 135, 85, 3, 188, 66, 156, 144, 106, 248, 249, 38, 202]
12712 [146, 118, 200, 205, 135, 85, 3, 188, 66, 156, 144, 106, 248, 249, 38, 202]
12713 [135, 233, 69, 8, 33, 190, 26, 225, 66, 189, 137, 46, 206, 81, 88, 114]
12714 [135, 233, 69, 8, 33, 190, 26, 225, 66, 189, 137, 46, 206, 81, 88, 114]
12715 [135, 233, 69, 8, 33, 190, 26, 225, 66, 189, 137, 46, 206, 81, 88, 114]
12717 [111, 184, 99, 113, 39, 187, 2, 22, 22, 212, 217, 169, 144, 142, 99, 212]
12718 [111, 184, 99, 113, 39, 187, 2, 22, 22, 212, 217, 169, 144, 142, 99, 212]
12719 [111, 184, 99, 113, 39, 187, 2, 22, 22, 212, 217, 169, 144, 142, 99, 212]
12721 [69, 233, 194, 49, 189, 14, 232, 72, 48, 26, 149, 158, 17, 27, 113, 175]
12722 [69, 233, 194, 49, 189, 14, 232, 72, 48, 26, 149, 158, 17, 27, 113, 175]
12723 [69, 233, 194, 49, 189, 14, 232, 72, 48, 26, 149, 158, 17, 27, 113, 175]
12724 [97, 215, 188, 242, 34, 255, 3, 116, 0, 151, 255, 170, 80, 87, 189, 138]
12725 [97, 215, 188, 242, 34, 255, 3, 116, 0, 151, 255, 170, 80, 87, 189, 138]
12726 [97, 215, 188, 242, 34, 255, 3, 116, 0, 151, 255, 170, 80, 87, 189, 138]
12727 [97, 215, 188, 242, 34, 255, 3, 116, 0, 151, 255, 170, 80, 87, 189, 138]
12728 [73, 237, 145, 93, 9, 97, 198, 171, 202, 116, 132, 40, 155, 167, 185, 59]
12729 [73, 237, 145, 93, 9, 97, 198, 171, 202, 116, 132, 40, 155, 167, 185, 59]
12730 [73, 237, 145, 93, 9, 97, 198, 171, 202, 116, 132, 40, 155, 167, 185, 59]
12732 [243, 239, 212, 52, 206, 247, 87, 177, 88, 83, 190, 76, 183, 34, 37, 211]
12733 [243, 239, 212, 52, 206, 247, 87, 177, 88, 83, 190, 76, 183, 34, 37, 211]
12734 [243, 239, 212, 52, 206, 247, 87, 177, 88, 83, 190, 76, 183, 34, 37, 211]
12736 [93, 157, 49, 36, 67, 142, 164, 125, 211, 63, 254, 245, 90, 38, 218, 40]
12737 [93, 157, 49, 36, 67, 142, 164, 125, 211, 63, 254, 245, 90, 38, 218, 40]
12738 [93, 157, 49, 36, 67, 142, 164, 125, 211, 63, 254, 245, 90, 38, 218, 40]
12740 [187, 48, 212, 248, 226, 239, 219, 121, 5, 153, 246, 47, 181, 205, 113, 63]
12741 [187, 48, 212, 248, 226, 239, 219, 121, 5, 153, 246, 47, 181, 205, 113, 63]
12742 [187, 48, 212, 248, 226, 239, 219, 121, 5, 153, 246, 47, 181, 205, 113, 63]
12743 [120, 204, 231, 227, 197, 124, 150, 38, 44, 15, 38, 154, 1, 30, 170, 238]
12744 [120, 204, 231, 227, 197, 124, 150, 38, 44, 15, 38, 154, 1, 30, 170, 238]
12745 [120, 204, 231, 227, 197, 124, 150, 38, 44, 15, 38, 154, 1, 30, 170, 238]
12746 [120, 204, 231, 227, 197, 124, 150, 38, 44, 15, 38, 154, 1, 30, 170, 238]
12747 [4, 17, 69, 249, 83, 150, 112, 18, 216, 77, 0, 29, 238, 40, 70, 136]
12748 [4, 17, 69, 249, 83, 150, 112, 18, 216, 77, 0, 29, 238, 40, 70, 136]
12749 [4, 17, 69, 249, 83, 150, 112, 18, 216, 77, 0, 29, 238, 40, 70, 136]
12751 [229, 95, 1, 10, 54, 167, 103, 102, 71, 212, 98, 1, 67, 224, 250, 150]
12752 [229, 95, 1, 10, 54, 167, 103, 102, 71, 212, 98, 1, 67, 224, 250, 150]
12753 [229, 95, 1, 10, 54, 167, 103, 102, 71, 212, 98, 1, 67, 224, 250, 150]
12755 [180, 82, 234, 212, 54, 116, 222, 34, 56, 211, 49, 217, 78, 114, 113, 109]
12756 [180, 82, 234, 212, 54, 116, 222, 34, 56, 211, 49, 217, 78, 114, 113, 109]
12757 [180, 82, 234, 212, 54, 116, 222, 34, 56, 211, 49, 217, 78, 114, 113, 109]
12759 [207, 122, 186, 152, 62, 149, 209, 136, 50, 76, 208, 143, 182, 33, 117, 245]
12760 [207, 122, 186, 152, 62, 149, 209, 136, 50, 76, 208, 143, 182, 33, 117, 245]
12761 [207, 122, 186, 152, 62, 149, 209, 136, 50, 76, 208, 143, 182, 33, 117, 245]
12762 [57, 205, 157, 215, 43, 234, 21, 213, 22, 35, 134, 20, 90, 100, 149, 140]
12763 [57, 205, 157, 215, 43, 234, 21, 213, 22, 35, 134, 20, 90, 100, 149, 140]
12764 [57, 205, 157, 215, 43, 234, 21, 213, 22, 35, 134, 20, 90, 100, 149, 140]
12766 [127, 203, 217, 239, 3, 68, 51, 222, 37, 61, 18, 123, 38, 151, 142, 84]
12767 [127, 203, 217, 239, 3, 68, 51, 222, 37, 61, 18, 123, 38, 151, 142, 84]
12768 [127, 203, 217, 239, 3, 68, 51, 222, 37, 61, 18, 123, 38, 151, 142, 84]
12770 [37, 44, 219, 13, 131, 103, 233, 249, 8, 182, 199, 35, 177, 233, 33, 18]
12771 [37, 44, 219, 13, 131, 103, 233, 249, 8, 182, 199, 35, 177, 233, 33, 18]
12772 [37, 44, 219, 13, 131, 103, 233, 249, 8, 182, 199, 35, 177, 233, 33, 18]
12774 [243, 216, 92, 9, 56, 228, 63, 197, 249, 235, 42, 175, 232, 22, 85, 69]
12775 [243, 216, 92, 9, 56, 228, 63, 197, 249, 235, 42, 175, 232, 22, 85, 69]
12776 [243, 216, 92, 9, 56, 228, 63, 197, 249, 235, 42, 175, 232, 22, 85, 69]
12777 [25, 5, 250, 246, 67, 109, 19, 241, 87, 239, 124, 192, 59, 229, 37, 57]
12778 [25, 5, 250, 246, 67, 109, 19, 241, 87, 239, 124, 192, 59, 229, 37, 57]
12779 [25, 5, 250, 246, 67, 109, 19, 241, 87, 239, 124, 192, 59, 229, 37, 57]
12780 [25, 5, 250, 246, 67, 109, 19, 241, 87, 239, 124, 192, 59, 229, 37, 57]
12781 [184, 196, 82, 239, 12, 7, 58, 17, 245, 140, 159, 178, 86, 116, 153, 200]
12782 [184, 196, 82, 239, 12, 7, 58, 17, 245, 140, 159, 178, 86, 116, 153, 200]
12783 [184, 196, 82, 239, 12, 7, 58, 17, 245, 140, 159, 178, 86, 116, 153, 200]
12785 [7, 246, 177, 124, 24, 121, 240, 108, 44, 196, 138, 120, 255, 174, 194, 121]
12786 [7, 246, 177, 124, 24, 121, 240, 108, 44, 196, 138, 120, 255, 174, 194, 121]
12787 [7, 246, 177, 124, 24, 121, 240, 108, 44, 196, 138, 120, 255, 174, 194, 121]
12789 [17, 122, 168, 193, 135, 236, 250, 164, 212, 34, 217, 150, 10, 232, 45, 196]
12790 [17, 122, 168, 193, 135, 236, 250, 164, 212, 34, 217, 150, 10, 232, 45, 196]
12791 [17, 122, 168, 193, 135, 236, 250, 164, 212, 34, 217, 150, 10, 232, 45, 196]
12793 [0, 76, 160, 202, 40, 82, 77, 120, 216, 52, 57, 20, 63, 207, 9, 169]
12794 [0, 76, 160, 202, 40, 82, 77, 120, 216, 52, 57, 20, 63, 207, 9, 169]
12795 [0, 76, 160, 202, 40, 82, 77, 120, 216, 52, 57, 20, 63, 207, 9, 169]
12796 [79, 25, 50, 39, 61, 232, 124, 35, 56, 40, 98, 46, 142, 31, 175, 200]
12797 [79, 25, 50, 39, 61, 232, 124, 35, 56, 40, 98, 46, 142, 31, 175, 200]
12798 [79, 25, 50, 39, 61, 232, 124, 35, 56, 40, 98, 46, 142, 31, 175, 200]
12799 [79, 25, 50, 39, 61, 232, 124, 35, 56, 40, 98, 46, 142, 31, 175, 200]
12800 [95, 232, 102, 158, 255, 224, 103, 225, 149, 212, 4, 63, 138, 160, 3, 43]
12801 [95, 232, 102, 158, 255, 224, 103, 225, 149, 212, 4, 63, 138, 160, 3, 43]
12802 [95, 232, 102, 158, 255, 224, 103, 225, 149, 212, 4, 63, 138, 160, 3, 43]
12804 [97, 72, 106, 222, 238, 229, 146, 27, 31, 246, 98, 244, 33, 222, 220, 187]
12805 [97, 72, 106, 222, 238, 229, 146, 27, 31, 246, 98, 244, 33, 222, 220, 187]
12806 [97, 72, 106, 222, 238, 229, 146, 27, 31, 246, 98, 244, 33, 222, 220, 187]
12808 [53, 252, 130, 250, 124, 94, 41, 235, 72, 81, 192, 19, 61, 229, 241, 56]
12809 [53, 252, 130, 250, 124, 94, 41, 235, 72, 81, 192, 19, 61, 229, 241, 56]
12810 [53, 252, 130, 250, 124, 94, 41, 235, 72, 81, 192, 19, 61, 229, 241, 56]
12811 [107, 67, 249, 225, 243, 110, 220, 211, 159, 62, 215, 189, 114, 162, 7, 198]
12812 [107, 67, 249, 225, 243, 110, 220, 211, 159, 62, 215, 189, 114, 162, 7, 198]
12813 [107, 67, 249, 225, 243, 110, 220, 211, 159, 62, 215, 189, 114, 162, 7, 198]
12814 [107, 67, 249, 225, 243, 110, 220, 211, 159, 62, 215, 189, 114, 162, 7, 198]
12815 [23, 14, 220, 175, 15, 216, 101, 6, 119, 199, 42, 132, 16, 80, 37, 135]
12816 [23, 14, 220, 175, 15, 216, 101, 6, 119, 199, 42, 132, 16, 80, 37, 135]
12817 [23, 14, 220, 175, 15, 216, 101, 6, 119, 199, 42, 132, 16, 80, 37, 135]
12819 [86, 106, 145, 117, 227, 200, 6, 154, 212, 225, 34, 118, 157, 133, 221, 192]
12820 [86, 106, 145, 117, 227, 200, 6, 154, 212, 225, 34, 118, 157, 133, 221, 192]
12821 [86, 106, 145, 117, 227, 200, 6, 154, 212, 225, 34, 118, 157, 133, 221, 192]
12823 [54, 209, 224, 67, 222, 188, 171, 1, 49, 13, 228, 184, 114, 9, 239, 114]
12824 [54, 209, 224, 67, 222, 188, 171, 1, 49, 13, 228, 184, 114, 9, 239, 114]
12825 [54, 209, 224, 67, 222, 188, 171, 1, 49, 13, 228, 184, 114, 9, 239, 114]
12827 [118, 28, 83, 140, 195, 103, 15, 155, 148, 92, 58, 63, 202, 111, 64, 219]
12828 [118, 28, 83, 140, 195, 103, 15, 155, 148, 92, 58, 63, 202, 111, 64, 219]
12829 [118, 28, 83, 140, 195, 103, 15, 155, 148, 92, 58, 63, 202, 111, 64, 219]
12830 [118, 28, 83, 140, 195, 103, 15, 155, 148, 92, 58, 63, 202, 111, 64, 219]
12831 [118, 28, 83, 140, 195, 103, 15, 155, 148, 92, 58, 63, 202, 111, 64, 219]
12832 [118, 28, 83, 140, 195, 103, 15, 155, 148, 92, 58, 63, 202, 111, 64, 219]
12833 [118, 28, 83, 140, 195, 103, 15, 155, 148, 92, 58, 63, 202, 111, 64, 219]
12834 [118, 28, 83, 140, 195, 103, 15, 155, 148, 92, 58, 63, 202, 111, 64, 219]
12835 [118, 28, 83, 140, 195, 103, 15, 155, 148, 92, 58, 63, 202, 111, 64, 219]
12836 [118, 28, 83, 140, 195, 103, 15, 155, 148, 92, 58, 63, 202, 111, 64, 219]
12837 [118, 28, 83, 140, 195, 103, 15, 155, 148, 92, 58, 63, 202, 111, 64, 219]
12838 [118, 28, 83, 140, 195, 103, 15, 155, 148, 92, 58, 63, 202, 111, 64, 219]
12839 [118, 28, 83, 140, 195, 103, 15, 155, 148, 92, 58, 63, 202, 111, 64, 219]
12840 [118, 28, 83, 140, 195, 103, 15, 155, 148, 92, 58, 63, 202, 111, 64, 219]
12841 [118, 28, 83, 140, 195, 103, 15, 155, 148, 92, 58, 63, 202, 111, 64, 219]
12842 [118, 28, 83, 140, 195, 103, 15, 155, 148, 92, 58, 63, 202, 111, 64, 219]
12843 [118, 28, 83, 140, 195, 103, 15, 155, 148, 92, 58, 63, 202, 111, 64, 219]
12844 [118, 28, 83, 140, 195, 103, 15, 155, 148, 92, 58, 63, 202, 111, 64, 219]
12845 [118, 28, 83, 140, 195, 103, 15, 155, 148, 92, 58, 63, 202, 111, 64, 219]
12846 [118, 28, 83, 140, 195, 103, 15, 155, 148, 92, 58, 63, 202, 111, 64, 219]
12847 [118, 28, 83, 140, 195, 103, 15, 155, 148, 92, 58, 63, 202, 111, 64, 219]
12848 [118, 28, 83, 140, 195, 103, 15, 155, 148, 92, 58, 63, 202, 111, 64, 219]
12849 [118, 28, 83, 140, 195, 103, 15, 155, 148, 92, 58, 63, 202, 111, 64, 219]
12850 [118, 28, 83, 140, 195, 103, 15, 155, 148, 92, 58, 63, 202, 111, 64, 219]
12851 [118, 28, 83, 140, 195, 103, 15, 155, 148, 92, 58, 63, 202, 111, 64, 219]
12852 [118, 28, 83, 140, 195, 103, 15, 155, 148, 92, 58, 63, 202, 111, 64, 219]
12853 [118, 28, 83, 140, 195, 103, 15, 155, 148, 92, 58, 63, 202, 111, 64, 219]
12854 [118, 28, 83, 140, 195, 103, 15, 155, 148, 92, 58, 63, 202, 111, 64, 219]
12855 [118, 28, 83, 140, 195, 103, 15, 155, 148, 92, 58, 63, 202, 111, 64, 219]
12856 [118, 28, 83, 140, 195, 103, 15, 155, 148, 92, 58, 63, 202, 111, 64, 219]
12857 [118, 28, 83, 140, 195, 103, 15, 155, 148, 92, 58, 63, 202, 111, 64, 219]
12858 [118, 28, 83, 140, 195, 103, 15, 155, 148, 92, 58, 63, 202, 111, 64, 219]
12859 [118, 28, 83, 140, 195, 103, 15, 155, 148, 92, 58, 63, 202, 111, 64, 219]
12860 [61, 233, 26, 76, 190, 171, 0, 0, 0, 0, 0, 0, 0, 0, 0, 0]
12861 [61, 233, 26, 76, 190, 171, 0, 0, 0, 0, 0, 0, 0, 0, 0, 0]
12862 [61, 233, 26, 76, 190, 171, 0, 0, 0, 0, 0, 0, 0, 0, 0, 0]
12863 [61, 233, 26, 76, 190, 171, 0, 0, 0, 0, 0, 0, 0, 0, 0, 0]
12864 [61, 233, 26, 76, 190, 171, 0, 0, 0, 0, 0, 0, 0, 0, 0, 0]
12865 [61, 233, 26, 76, 190, 171, 0, 0, 0, 0, 0, 0, 0, 0, 0, 0]
12866 [61, 233, 26, 76, 190, 171, 0, 0, 0, 0, 0, 0, 0, 0, 0, 0]
12867 [61, 233, 26, 76, 190, 171, 0, 0, 0, 0, 0, 0, 0, 0, 0, 0]
12868 [61, 233, 26, 76, 190, 171, 0, 0, 0, 0, 0, 0, 0, 0, 0, 0]
12869 [61, 233, 26, 76, 190, 171, 0, 0, 0, 0, 0, 0, 0, 0, 0, 0]
12870 [61, 233, 26, 76, 190, 171, 0, 0, 0, 0, 0, 0, 0, 0, 0, 0]
12871 [61, 233, 26, 76, 190, 171, 0, 0, 0, 0, 0, 0, 0, 0, 0, 0]
12872 [61, 233, 26, 76, 190, 171, 0, 0, 0, 0, 0, 0, 0, 0, 0, 0]
12873 [61, 233, 26, 76, 190, 171, 0, 0, 0, 0, 0, 0, 0, 0, 0, 0]
12874 [61, 233, 26, 76, 190, 171, 0, 0, 0, 0, 0, 0, 0, 0, 0, 0]
12875 [61, 233, 26, 76, 190, 171, 0, 0, 0, 0, 0, 0, 0, 0, 0, 0]
12876 [61, 233, 26, 76, 190, 171, 0, 0, 0, 0, 0, 0, 0, 0, 0, 0]
12877 [61, 233, 26, 76, 190, 171, 0, 0, 0, 0, 0, 0, 0, 0, 0, 0]
12878 [61, 233, 26, 76, 190, 171, 0, 0, 0, 0, 0, 0, 0, 0, 0, 0]
12879 [61, 233, 26, 76, 190, 171, 0, 0, 0, 0, 0, 0, 0, 0, 0, 0]
12880 [61, 233, 26, 76, 190, 171, 0, 0, 0, 0, 0, 0, 0, 0, 0, 0]
12881 [61, 233, 26, 76, 190, 171, 0, 0, 0, 0, 0, 0, 0, 0, 0, 0]
12882 [61, 233, 26, 76, 190, 171, 0, 0, 0, 0, 0, 0, 0, 0, 0, 0]
12883 [61, 233, 26, 76, 190, 171, 0, 0, 0, 0, 0, 0, 0, 0, 0, 0]
12884 [61, 233, 26, 76, 190, 171, 0, 0, 0, 0, 0, 0, 0, 0, 0, 0]
12885 [61, 233, 26, 76, 190, 171, 0, 0, 0, 0, 0, 0, 0, 0, 0, 0]
12886 [61, 233, 26, 76, 190, 171, 0, 0, 0, 0, 0, 0, 0, 0, 0, 0]
12887 [61, 233, 26, 76, 190, 171, 0, 0, 0, 0, 0, 0, 0, 0, 0, 0]
12888 [61, 233, 26, 76, 190, 171, 0, 0, 0, 0, 0, 0, 0, 0, 0, 0]
12889 [61, 233, 26, 76, 190, 171, 0, 0, 0, 0, 0, 0, 0, 0, 0, 0]
12890 [61, 233, 26, 76, 190, 171, 0, 0, 0, 0, 0, 0, 0, 0, 0, 0]
12891 [61, 233, 26, 76, 190, 171, 0, 0, 0, 0, 0, 0, 0, 0, 0, 0]
